Device,Run,SampleIndex,Timestamp_us,ADC_Value,Avg_Time_us
Master,1,0,0.0,613,4.58
Master,1,1,4.58,612,4.58
Master,1,2,9.16,625,4.58
Master,1,3,13.74,632,4.58
Master,1,4,18.32,643,4.58
Master,1,5,22.9,626,4.58
Master,1,6,27.48,633,4.58
Master,1,7,32.06,651,4.58
Master,1,8,36.64,642,4.58
Master,1,9,41.22,644,4.58
Master,1,10,45.8,652,4.58
Master,1,11,50.38,651,4.58
Master,1,12,54.96,655,4.58
Master,1,13,59.54,652,4.58
Master,1,14,64.12,652,4.58
Master,1,15,68.7,663,4.58
Master,1,16,73.28,657,4.58
Master,1,17,77.86,644,4.58
Master,1,18,82.44,643,4.58
Master,1,19,87.02,642,4.58
Master,1,20,91.6,630,4.58
Master,1,21,96.18,618,4.58
Master,1,22,100.76,619,4.58
Master,1,23,105.34,619,4.58
Master,1,24,109.92,614,4.58
Master,1,25,114.5,604,4.58
Master,1,26,119.08,592,4.58
Master,1,27,123.66,592,4.58
Master,1,28,128.24,589,4.58
Master,1,29,132.82,574,4.58
Master,1,30,137.4,572,4.58
Master,1,31,141.98,583,4.58
Master,1,32,146.56,583,4.58
Master,1,33,151.14000000000001,566,4.58
Master,1,34,155.72,580,4.58
Master,1,35,160.3,587,4.58
Master,1,36,164.88,595,4.58
Master,1,37,169.46,594,4.58
Master,1,38,174.04,594,4.58
Master,1,39,178.62,605,4.58
Master,1,40,183.2,594,4.58
Master,1,41,187.78,587,4.58
Master,1,42,192.36,600,4.58
Master,1,43,196.94,592,4.58
Master,1,44,201.52,582,4.58
Master,1,45,206.1,582,4.58
Master,1,46,210.68,580,4.58
Master,1,47,215.26,575,4.58
Master,1,48,219.84,567,4.58
Master,1,49,224.42000000000002,566,4.58
Master,1,50,229.0,559,4.58
Master,1,51,233.58,553,4.58
Master,1,52,238.16,561,4.58
Master,1,53,242.74,559,4.58
Master,1,54,247.32,552,4.58
Master,1,55,251.9,553,4.58
Master,1,56,256.48,558,4.58
Master,1,57,261.06,559,4.58
Master,1,58,265.64,558,4.58
Master,1,59,270.22,549,4.58
Master,1,60,274.8,543,4.58
Master,1,61,279.38,542,4.58
Master,1,62,283.96,548,4.58
Master,1,63,288.54,549,4.58
Master,1,64,293.12,551,4.58
Master,1,65,297.7,540,4.58
Master,1,66,302.28000000000003,533,4.58
Master,1,67,306.86,528,4.58
Master,1,68,311.44,531,4.58
Master,1,69,316.02,535,4.58
Master,1,70,320.6,522,4.58
Master,1,71,325.18,520,4.58
Master,1,72,329.76,523,4.58
Master,1,73,334.34000000000003,533,4.58
Master,1,74,338.92,529,4.58
Master,1,75,343.5,535,4.58
Master,1,76,348.08,550,4.58
Master,1,77,352.66,556,4.58
Master,1,78,357.24,577,4.58
Master,1,79,361.82,577,4.58
Master,1,80,366.4,579,4.58
Master,1,81,370.98,584,4.58
Master,1,82,375.56,588,4.58
Master,1,83,380.14,597,4.58
Master,1,84,384.72,611,4.58
Master,1,85,389.3,615,4.58
Master,1,86,393.88,622,4.58
Master,1,87,398.46,621,4.58
Master,1,88,403.04,619,4.58
Master,1,89,407.62,634,4.58
Master,1,90,412.2,635,4.58
Master,1,91,416.78000000000003,635,4.58
Master,1,92,421.36,635,4.58
Master,1,93,425.94,637,4.58
Master,1,94,430.52,644,4.58
Master,1,95,435.1,635,4.58
Master,1,96,439.68,637,4.58
Master,1,97,444.26,640,4.58
Master,1,98,448.84000000000003,640,4.58
Master,1,99,453.42,647,4.58
Master,1,100,458.0,642,4.58
Master,1,101,462.58,644,4.58
Master,1,102,467.16,651,4.58
Master,1,103,471.74,645,4.58
Master,1,104,476.32,655,4.58
Master,1,105,480.90000000000003,650,4.58
Master,1,106,485.48,672,4.58
Master,1,107,490.06,656,4.58
Master,1,108,494.64,652,4.58
Master,1,109,499.22,668,4.58
Master,1,110,503.8,663,4.58
Master,1,111,508.38,663,4.58
Master,1,112,512.96,671,4.58
Master,1,113,517.54,676,4.58
Master,1,114,522.12,688,4.58
Master,1,115,526.7,687,4.58
Master,1,116,531.28,679,4.58
Master,1,117,535.86,679,4.58
Master,1,118,540.44,667,4.58
Master,1,119,545.02,648,4.58
Master,1,120,549.6,638,4.58
Master,1,121,554.1800000000001,626,4.58
Master,1,122,558.76,616,4.58
Master,1,123,563.34,606,4.58
Master,1,124,567.92,604,4.58
Master,1,125,572.5,593,4.58
Master,1,126,577.08,595,4.58
Master,1,127,581.66,593,4.58
Master,1,128,586.24,589,4.58
Master,1,129,590.82,593,4.58
Master,1,130,595.4,587,4.58
Master,1,131,599.98,587,4.58
Master,1,132,604.5600000000001,583,4.58
Master,1,133,609.14,582,4.58
Master,1,134,613.72,586,4.58
Master,1,135,618.3,585,4.58
Master,1,136,622.88,597,4.58
Master,1,137,627.46,594,4.58
Master,1,138,632.04,584,4.58
Master,1,139,636.62,589,4.58
Master,1,140,641.2,597,4.58
Master,1,141,645.78,599,4.58
Master,1,142,650.36,593,4.58
Master,1,143,654.94,597,4.58
Master,1,144,659.52,601,4.58
Master,1,145,664.1,603,4.58
Master,1,146,668.6800000000001,598,4.58
Master,1,147,673.26,593,4.58
Master,1,148,677.84,593,4.58
Master,1,149,682.42,591,4.58
Master,1,150,687.0,582,4.58
Master,1,151,691.58,577,4.58
Master,1,152,696.16,583,4.58
Master,1,153,700.74,576,4.58
Master,1,154,705.32,579,4.58
Master,1,155,709.9,579,4.58
Master,1,156,714.48,578,4.58
Master,1,157,719.0600000000001,590,4.58
Master,1,158,723.64,595,4.58
Master,1,159,728.22,587,4.58
Master,1,160,732.8,598,4.58
Master,1,161,737.38,604,4.58
Master,1,162,741.96,601,4.58
Master,1,163,746.54,601,4.58
Master,1,164,751.12,595,4.58
Master,1,165,755.7,600,4.58
Master,1,166,760.28,592,4.58
Master,1,167,764.86,595,4.58
Master,1,168,769.44,607,4.58
Master,1,169,774.02,607,4.58
Master,1,170,778.6,605,4.58
Master,1,171,783.1800000000001,616,4.58
Master,1,172,787.76,619,4.58
Master,1,173,792.34,629,4.58
Master,1,174,796.92,633,4.58
Master,1,175,801.5,632,4.58
Master,1,176,806.08,639,4.58
Master,1,177,810.66,641,4.58
Master,1,178,815.24,627,4.58
Master,1,179,819.82,637,4.58
Master,1,180,824.4,643,4.58
Master,1,181,828.98,651,4.58
Master,1,182,833.5600000000001,646,4.58
Master,1,183,838.14,643,4.58
Master,1,184,842.72,655,4.58
Master,1,185,847.3000000000001,654,4.58
Master,1,186,851.88,656,4.58
Master,1,187,856.46,648,4.58
Master,1,188,861.04,635,4.58
Master,1,189,865.62,636,4.58
Master,1,190,870.2,633,4.58
Master,1,191,874.78,625,4.58
Master,1,192,879.36,615,4.58
Master,1,193,883.94,616,4.58
Master,1,194,888.52,616,4.58
Master,1,195,893.1,608,4.58
Master,1,196,897.6800000000001,605,4.58
Master,1,197,902.26,608,4.58
Master,1,198,906.84,605,4.58
Master,1,199,911.42,595,4.58
Master,1,200,916.0,591,4.58
Master,1,201,920.58,599,4.58
Master,1,202,925.16,592,4.58
Master,1,203,929.74,600,4.58
Master,1,204,934.32,607,4.58
Master,1,205,938.9,595,4.58
Master,1,206,943.48,600,4.58
Master,1,207,948.0600000000001,616,4.58
Master,1,208,952.64,620,4.58
Master,1,209,957.22,627,4.58
Master,1,210,961.8000000000001,615,4.58
Master,1,211,966.38,612,4.58
Master,1,212,970.96,625,4.58
Master,1,213,975.54,621,4.58
Master,1,214,980.12,611,4.58
Master,1,215,984.7,618,4.58
Master,1,216,989.28,617,4.58
Master,1,217,993.86,633,4.58
Master,1,218,998.44,623,4.58
Master,1,219,1003.02,622,4.58
Master,1,220,1007.6,635,4.58
Master,1,221,1012.1800000000001,638,4.58
Master,1,222,1016.76,636,4.58
Master,1,223,1021.34,628,4.58
Master,1,224,1025.92,631,4.58
Master,1,225,1030.5,635,4.58
Master,1,226,1035.08,622,4.58
Master,1,227,1039.66,625,4.58
Master,1,228,1044.24,625,4.58
Master,1,229,1048.82,630,4.58
Master,1,230,1053.4,618,4.58
Master,1,231,1057.98,612,4.58
Master,1,232,1062.56,619,4.58
Master,1,233,1067.14,615,4.58
Master,1,234,1071.72,618,4.58
Master,1,235,1076.3,612,4.58
Master,1,236,1080.88,615,4.58
Master,1,237,1085.46,619,4.58
Master,1,238,1090.04,610,4.58
Master,1,239,1094.6200000000001,605,4.58
Master,1,240,1099.2,595,4.58
Master,1,241,1103.78,580,4.58
Master,1,242,1108.3600000000001,579,4.58
Master,1,243,1112.94,579,4.58
Master,1,244,1117.52,567,4.58
Master,1,245,1122.1,567,4.58
Master,1,246,1126.68,571,4.58
Master,1,247,1131.26,574,4.58
Master,1,248,1135.84,572,4.58
Master,1,249,1140.42,569,4.58
Master,1,250,1145.0,562,4.58
Master,1,251,1149.58,554,4.58
Master,1,252,1154.16,555,4.58
Master,1,253,1158.74,559,4.58
Master,1,254,1163.32,552,4.58
Master,1,255,1167.9,548,4.58
Master,1,256,1172.48,543,4.58
Master,1,257,1177.06,549,4.58
Master,1,258,1181.64,548,4.58
Master,1,259,1186.22,544,4.58
Master,1,260,1190.8,540,4.58
Master,1,261,1195.38,550,4.58
Master,1,262,1199.96,551,4.58
Master,1,263,1204.54,541,4.58
Master,1,264,1209.1200000000001,544,4.58
Master,1,265,1213.7,547,4.58
Master,1,266,1218.28,546,4.58
Master,1,267,1222.8600000000001,556,4.58
Master,1,268,1227.44,553,4.58
Master,1,269,1232.02,544,4.58
Master,1,270,1236.6,555,4.58
Master,1,271,1241.18,550,4.58
Master,1,272,1245.76,549,4.58
Master,1,273,1250.34,560,4.58
Master,1,274,1254.92,563,4.58
Master,1,275,1259.5,564,4.58
Master,1,276,1264.08,561,4.58
Master,1,277,1268.66,559,4.58
Master,1,278,1273.24,558,4.58
Master,1,279,1277.82,564,4.58
Master,1,280,1282.4,560,4.58
Master,1,281,1286.98,563,4.58
Master,1,282,1291.56,567,4.58
Master,1,283,1296.14,574,4.58
Master,1,284,1300.72,585,4.58
Master,1,285,1305.3,585,4.58
Master,1,286,1309.88,590,4.58
Master,1,287,1314.46,584,4.58
Master,1,288,1319.04,577,4.58
Master,1,289,1323.6200000000001,571,4.58
Master,1,290,1328.2,571,4.58
Master,1,291,1332.78,560,4.58
Master,1,292,1337.3600000000001,557,4.58
Master,1,293,1341.94,562,4.58
Master,1,294,1346.52,559,4.58
Master,1,295,1351.1,548,4.58
Master,1,296,1355.68,549,4.58
Master,1,297,1360.26,545,4.58
Master,1,298,1364.84,536,4.58
Master,1,299,1369.42,543,4.58
Master,1,300,1374.0,539,4.58
Master,1,301,1378.58,541,4.58
Master,1,302,1383.16,542,4.58
Master,1,303,1387.74,544,4.58
Master,1,304,1392.32,544,4.58
Master,1,305,1396.9,545,4.58
Master,1,306,1401.48,550,4.58
Master,1,307,1406.06,544,4.58
Master,1,308,1410.64,548,4.58
Master,1,309,1415.22,551,4.58
Master,1,310,1419.8,547,4.58
Master,1,311,1424.38,536,4.58
Master,1,312,1428.96,539,4.58
Master,1,313,1433.54,537,4.58
Master,1,314,1438.1200000000001,538,4.58
Master,1,315,1442.7,534,4.58
Master,1,316,1447.28,537,4.58
Master,1,317,1451.8600000000001,545,4.58
Master,1,318,1456.44,548,4.58
Master,1,319,1461.02,536,4.58
Master,1,320,1465.6,533,4.58
Master,1,321,1470.18,535,4.58
Master,1,322,1474.76,540,4.58
Master,1,323,1479.34,555,4.58
Master,1,324,1483.92,551,4.58
Master,1,325,1488.5,542,4.58
Master,1,326,1493.08,560,4.58
Master,1,327,1497.66,577,4.58
Master,1,328,1502.24,587,4.58
Master,1,329,1506.82,589,4.58
Master,1,330,1511.4,604,4.58
Master,1,331,1515.98,636,4.58
Master,1,332,1520.56,672,4.58
Master,1,333,1525.14,721,4.58
Master,1,334,1529.72,763,4.58
Master,1,335,1534.3,827,4.58
Master,1,336,1538.88,875,4.58
Master,1,337,1543.46,942,4.58
Master,1,338,1548.04,991,4.58
Master,1,339,1552.6200000000001,1063,4.58
Master,1,340,1557.2,1127,4.58
Master,1,341,1561.78,1189,4.58
Master,1,342,1566.3600000000001,1255,4.58
Master,1,343,1570.94,1303,4.58
Master,1,344,1575.52,1371,4.58
Master,1,345,1580.1000000000001,1418,4.58
Master,1,346,1584.68,1478,4.58
Master,1,347,1589.26,1532,4.58
Master,1,348,1593.84,1579,4.58
Master,1,349,1598.42,1635,4.58
Master,1,350,1603.0,1664,4.58
Master,1,351,1607.58,1716,4.58
Master,1,352,1612.16,1739,4.58
Master,1,353,1616.74,1775,4.58
Master,1,354,1621.32,1790,4.58
Master,1,355,1625.9,1804,4.58
Master,1,356,1630.48,1809,4.58
Master,1,357,1635.06,1823,4.58
Master,1,358,1639.64,1847,4.58
Master,1,359,1644.22,1873,4.58
Master,1,360,1648.8,1904,4.58
Master,1,361,1653.38,1935,4.58
Master,1,362,1657.96,1948,4.58
Master,1,363,1662.54,1980,4.58
Master,1,364,1667.1200000000001,2001,4.58
Master,1,365,1671.7,2023,4.58
Master,1,366,1676.28,2040,4.58
Master,1,367,1680.8600000000001,2056,4.58
Master,1,368,1685.44,2063,4.58
Master,1,369,1690.02,2071,4.58
Master,1,370,1694.6000000000001,2062,4.58
Master,1,371,1699.18,2080,4.58
Master,1,372,1703.76,2073,4.58
Master,1,373,1708.34,2094,4.58
Master,1,374,1712.92,2087,4.58
Master,1,375,1717.5,2104,4.58
Master,1,376,1722.08,2107,4.58
Master,1,377,1726.66,2115,4.58
Master,1,378,1731.24,2124,4.58
Master,1,379,1735.82,2111,4.58
Master,1,380,1740.4,2115,4.58
Master,1,381,1744.98,2103,4.58
Master,1,382,1749.56,2088,4.58
Master,1,383,1754.14,2081,4.58
Master,1,384,1758.72,2067,4.58
Master,1,385,1763.3,2063,4.58
Master,1,386,1767.88,2055,4.58
Master,1,387,1772.46,2046,4.58
Master,1,388,1777.04,2044,4.58
Master,1,389,1781.6200000000001,2019,4.58
Master,1,390,1786.2,2007,4.58
Master,1,391,1790.78,1982,4.58
Master,1,392,1795.3600000000001,1961,4.58
Master,1,393,1799.94,1927,4.58
Master,1,394,1804.52,1925,4.58
Master,1,395,1809.1000000000001,1918,4.58
Master,1,396,1813.68,1897,4.58
Master,1,397,1818.26,1897,4.58
Master,1,398,1822.84,1895,4.58
Master,1,399,1827.42,1871,4.58
Master,1,400,1832.0,1868,4.58
Master,1,401,1836.58,1881,4.58
Master,1,402,1841.16,1875,4.58
Master,1,403,1845.74,1880,4.58
Master,1,404,1850.32,1900,4.58
Master,1,405,1854.9,1895,4.58
Master,1,406,1859.48,1911,4.58
Master,1,407,1864.06,1900,4.58
Master,1,408,1868.64,1912,4.58
Master,1,409,1873.22,1905,4.58
Master,1,410,1877.8,1887,4.58
Master,1,411,1882.38,1854,4.58
Master,1,412,1886.96,1825,4.58
Master,1,413,1891.54,1827,4.58
Master,1,414,1896.1200000000001,1832,4.58
Master,1,415,1900.7,1836,4.58
Master,1,416,1905.28,1847,4.58
Master,1,417,1909.8600000000001,1847,4.58
Master,1,418,1914.44,1854,4.58
Master,1,419,1919.02,1864,4.58
Master,1,420,1923.6000000000001,1859,4.58
Master,1,421,1928.18,1858,4.58
Master,1,422,1932.76,1812,4.58
Master,1,423,1937.34,1801,4.58
Master,1,424,1941.92,1787,4.58
Master,1,425,1946.5,1798,4.58
Master,1,426,1951.08,1812,4.58
Master,1,427,1955.66,1808,4.58
Master,1,428,1960.24,1827,4.58
Master,1,429,1964.82,1823,4.58
Master,1,430,1969.4,1832,4.58
Master,1,431,1973.98,1840,4.58
Master,1,432,1978.56,1825,4.58
Master,1,433,1983.14,1823,4.58
Master,1,434,1987.72,1814,4.58
Master,1,435,1992.3,1816,4.58
Master,1,436,1996.88,1808,4.58
Master,1,437,2001.46,1807,4.58
Master,1,438,2006.04,1822,4.58
Master,1,439,2010.6200000000001,1816,4.58
Master,1,440,2015.2,1831,4.58
Master,1,441,2019.78,1839,4.58
Master,1,442,2024.3600000000001,1822,4.58
Master,1,443,2028.94,1836,4.58
Master,1,444,2033.52,1841,4.58
Master,1,445,2038.1000000000001,1827,4.58
Master,1,446,2042.68,1831,4.58
Master,1,447,2047.26,1838,4.58
Master,1,448,2051.84,1833,4.58
Master,1,449,2056.42,1840,4.58
Master,1,450,2061.0,1847,4.58
Master,1,451,2065.58,1834,4.58
Master,1,452,2070.16,1844,4.58
Master,1,453,2074.7400000000002,1843,4.58
Master,1,454,2079.32,1823,4.58
Master,1,455,2083.9,1808,4.58
Master,1,456,2088.48,1809,4.58
Master,1,457,2093.06,1811,4.58
Master,1,458,2097.64,1795,4.58
Master,1,459,2102.2200000000003,1799,4.58
Master,1,460,2106.8,1804,4.58
Master,1,461,2111.38,1784,4.58
Master,1,462,2115.96,1791,4.58
Master,1,463,2120.54,1790,4.58
Master,1,464,2125.12,1768,4.58
Master,1,465,2129.7,1779,4.58
Master,1,466,2134.28,1791,4.58
Master,1,467,2138.86,1780,4.58
Master,1,468,2143.44,1784,4.58
Master,1,469,2148.02,1799,4.58
Master,1,470,2152.6,1791,4.58
Master,1,471,2157.18,1804,4.58
Master,1,472,2161.76,1816,4.58
Master,1,473,2166.34,1803,4.58
Master,1,474,2170.92,1807,4.58
Master,1,475,2175.5,1807,4.58
Master,1,476,2180.08,1780,4.58
Master,1,477,2184.66,1777,4.58
Master,1,478,2189.2400000000002,1775,4.58
Master,1,479,2193.82,1766,4.58
Master,1,480,2198.4,1768,4.58
Master,1,481,2202.98,1771,4.58
Master,1,482,2207.56,1751,4.58
Master,1,483,2212.14,1752,4.58
Master,1,484,2216.7200000000003,1756,4.58
Master,1,485,2221.3,1739,4.58
Master,1,486,2225.88,1731,4.58
Master,1,487,2230.46,1724,4.58
Master,1,488,2235.04,1725,4.58
Master,1,489,2239.62,1703,4.58
Master,1,490,2244.2,1706,4.58
Master,1,491,2248.78,1716,4.58
Master,1,492,2253.36,1703,4.58
Master,1,493,2257.94,1711,4.58
Master,1,494,2262.52,1702,4.58
Master,1,495,2267.1,1694,4.58
Master,1,496,2271.68,1697,4.58
Master,1,497,2276.26,1687,4.58
Master,1,498,2280.84,1664,4.58
Master,1,499,2285.42,1660,4.58
Master,1,500,2290.0,1660,4.58
Master,1,501,2294.58,1647,4.58
Master,1,502,2299.16,1639,4.58
Master,1,503,2303.7400000000002,1644,4.58
Master,1,504,2308.32,1633,4.58
Master,1,505,2312.9,1635,4.58
Master,1,506,2317.48,1639,4.58
Master,1,507,2322.06,1626,4.58
Master,1,508,2326.64,1625,4.58
Master,1,509,2331.2200000000003,1635,4.58
Master,1,510,2335.8,1626,4.58
Master,1,511,2340.38,1628,4.58
Master,1,512,2344.96,1639,4.58
Master,1,513,2349.54,1631,4.58
Master,1,514,2354.12,1640,4.58
Master,1,515,2358.7,1652,4.58
Master,1,516,2363.28,1640,4.58
Master,1,517,2367.86,1647,4.58
Master,1,518,2372.44,1647,4.58
Master,1,519,2377.02,1628,4.58
Master,1,520,2381.6,1640,4.58
Master,1,521,2386.18,1632,4.58
Master,1,522,2390.76,1614,4.58
Master,1,523,2395.34,1608,4.58
Master,1,524,2399.92,1603,4.58
Master,1,525,2404.5,1575,4.58
Master,1,526,2409.08,1566,4.58
Master,1,527,2413.66,1576,4.58
Master,1,528,2418.2400000000002,1547,4.58
Master,1,529,2422.82,1527,4.58
Master,1,530,2427.4,1518,4.58
Master,1,531,2431.98,1528,4.58
Master,1,532,2436.56,1519,4.58
Master,1,533,2441.14,1528,4.58
Master,1,534,2445.7200000000003,1537,4.58
Master,1,535,2450.3,1535,4.58
Master,1,536,2454.88,1542,4.58
Master,1,537,2459.46,1552,4.58
Master,1,538,2464.04,1547,4.58
Master,1,539,2468.62,1559,4.58
Master,1,540,2473.2,1558,4.58
Master,1,541,2477.78,1560,4.58
Master,1,542,2482.36,1571,4.58
Master,1,543,2486.94,1568,4.58
Master,1,544,2491.52,1559,4.58
Master,1,545,2496.1,1567,4.58
Master,1,546,2500.68,1567,4.58
Master,1,547,2505.26,1564,4.58
Master,1,548,2509.84,1576,4.58
Master,1,549,2514.42,1576,4.58
Master,1,550,2519.0,1564,4.58
Master,1,551,2523.58,1566,4.58
Master,1,552,2528.16,1576,4.58
Master,1,553,2532.7400000000002,1564,4.58
Master,1,554,2537.32,1566,4.58
Master,1,555,2541.9,1580,4.58
Master,1,556,2546.48,1564,4.58
Master,1,557,2551.06,1568,4.58
Master,1,558,2555.64,1579,4.58
Master,1,559,2560.2200000000003,1571,4.58
Master,1,560,2564.8,1567,4.58
Master,1,561,2569.38,1580,4.58
Master,1,562,2573.96,1569,4.58
Master,1,563,2578.54,1571,4.58
Master,1,564,2583.12,1575,4.58
Master,1,565,2587.7,1560,4.58
Master,1,566,2592.28,1560,4.58
Master,1,567,2596.86,1569,4.58
Master,1,568,2601.44,1559,4.58
Master,1,569,2606.02,1540,4.58
Master,1,570,2610.6,1552,4.58
Master,1,571,2615.18,1555,4.58
Master,1,572,2619.76,1534,4.58
Master,1,573,2624.34,1544,4.58
Master,1,574,2628.92,1555,4.58
Master,1,575,2633.5,1543,4.58
Master,1,576,2638.08,1548,4.58
Master,1,577,2642.66,1562,4.58
Master,1,578,2647.2400000000002,1555,4.58
Master,1,579,2651.82,1569,4.58
Master,1,580,2656.4,1582,4.58
Master,1,581,2660.98,1572,4.58
Master,1,582,2665.56,1585,4.58
Master,1,583,2670.14,1596,4.58
Master,1,584,2674.7200000000003,1580,4.58
Master,1,585,2679.3,1587,4.58
Master,1,586,2683.88,1595,4.58
Master,1,587,2688.46,1583,4.58
Master,1,588,2693.04,1582,4.58
Master,1,589,2697.62,1592,4.58
Master,1,590,2702.2,1575,4.58
Master,1,591,2706.78,1575,4.58
Master,1,592,2711.36,1565,4.58
Master,1,593,2715.94,1539,4.58
Master,1,594,2720.52,1535,4.58
Master,1,595,2725.1,1530,4.58
Master,1,596,2729.68,1528,4.58
Master,1,597,2734.26,1505,4.58
Master,1,598,2738.84,1507,4.58
Master,1,599,2743.42,1518,4.58
Master,1,600,2748.0,1502,4.58
Master,1,601,2752.58,1520,4.58
Master,1,602,2757.16,1529,4.58
Master,1,603,2761.7400000000002,1523,4.58
Master,1,604,2766.32,1534,4.58
Master,1,605,2770.9,1540,4.58
Master,1,606,2775.48,1531,4.58
Master,1,607,2780.06,1547,4.58
Master,1,608,2784.64,1550,4.58
Master,1,609,2789.2200000000003,1544,4.58
Master,1,610,2793.8,1553,4.58
Master,1,611,2798.38,1555,4.58
Master,1,612,2802.96,1540,4.58
Master,1,613,2807.54,1552,4.58
Master,1,614,2812.12,1555,4.58
Master,1,615,2816.7,1542,4.58
Master,1,616,2821.28,1542,4.58
Master,1,617,2825.86,1552,4.58
Master,1,618,2830.44,1536,4.58
Master,1,619,2835.02,1535,4.58
Master,1,620,2839.6,1543,4.58
Master,1,621,2844.18,1532,4.58
Master,1,622,2848.76,1537,4.58
Master,1,623,2853.34,1543,4.58
Master,1,624,2857.92,1534,4.58
Master,1,625,2862.5,1532,4.58
Master,1,626,2867.08,1543,4.58
Master,1,627,2871.66,1535,4.58
Master,1,628,2876.2400000000002,1528,4.58
Master,1,629,2880.82,1539,4.58
Master,1,630,2885.4,1523,4.58
Master,1,631,2889.98,1511,4.58
Master,1,632,2894.56,1516,4.58
Master,1,633,2899.14,1513,4.58
Master,1,634,2903.7200000000003,1496,4.58
Master,1,635,2908.3,1491,4.58
Master,1,636,2912.88,1495,4.58
Master,1,637,2917.46,1462,4.58
Master,1,638,2922.04,1456,4.58
Master,1,639,2926.62,1465,4.58
Master,1,640,2931.2,1463,4.58
Master,1,641,2935.78,1455,4.58
Master,1,642,2940.36,1464,4.58
Master,1,643,2944.94,1469,4.58
Master,1,644,2949.52,1467,4.58
Master,1,645,2954.1,1478,4.58
Master,1,646,2958.68,1478,4.58
Master,1,647,2963.26,1488,4.58
Master,1,648,2967.84,1495,4.58
Master,1,649,2972.42,1487,4.58
Master,1,650,2977.0,1496,4.58
Master,1,651,2981.58,1512,4.58
Master,1,652,2986.16,1495,4.58
Master,1,653,2990.7400000000002,1499,4.58
Master,1,654,2995.32,1504,4.58
Master,1,655,2999.9,1483,4.58
Master,1,656,3004.48,1486,4.58
Master,1,657,3009.06,1474,4.58
Master,1,658,3013.64,1452,4.58
Master,1,659,3018.2200000000003,1435,4.58
Master,1,660,3022.8,1423,4.58
Master,1,661,3027.38,1400,4.58
Master,1,662,3031.96,1360,4.58
Master,1,663,3036.54,1343,4.58
Master,1,664,3041.12,1340,4.58
Master,1,665,3045.7000000000003,1336,4.58
Master,1,666,3050.28,1319,4.58
Master,1,667,3054.86,1327,4.58
Master,1,668,3059.44,1324,4.58
Master,1,669,3064.02,1324,4.58
Master,1,670,3068.6,1331,4.58
Master,1,671,3073.18,1328,4.58
Master,1,672,3077.76,1327,4.58
Master,1,673,3082.34,1334,4.58
Master,1,674,3086.92,1321,4.58
Master,1,675,3091.5,1331,4.58
Master,1,676,3096.08,1333,4.58
Master,1,677,3100.66,1318,4.58
Master,1,678,3105.2400000000002,1324,4.58
Master,1,679,3109.82,1315,4.58
Master,1,680,3114.4,1311,4.58
Master,1,681,3118.98,1308,4.58
Master,1,682,3123.56,1308,4.58
Master,1,683,3128.14,1297,4.58
Master,1,684,3132.7200000000003,1295,4.58
Master,1,685,3137.3,1294,4.58
Master,1,686,3141.88,1287,4.58
Master,1,687,3146.46,1295,4.58
Master,1,688,3151.04,1298,4.58
Master,1,689,3155.62,1288,4.58
Master,1,690,3160.2000000000003,1299,4.58
Master,1,691,3164.78,1295,4.58
Master,1,692,3169.36,1284,4.58
Master,1,693,3173.94,1299,4.58
Master,1,694,3178.52,1307,4.58
Master,1,695,3183.1,1295,4.58
Master,1,696,3187.68,1310,4.58
Master,1,697,3192.26,1315,4.58
Master,1,698,3196.84,1313,4.58
Master,1,699,3201.42,1318,4.58
Master,1,700,3206.0,1316,4.58
Master,1,701,3210.58,1304,4.58
Master,1,702,3215.16,1303,4.58
Master,1,703,3219.7400000000002,1295,4.58
Master,1,704,3224.32,1268,4.58
Master,1,705,3228.9,1265,4.58
Master,1,706,3233.48,1263,4.58
Master,1,707,3238.06,1272,4.58
Master,1,708,3242.64,1257,4.58
Master,1,709,3247.2200000000003,1267,4.58
Master,1,710,3251.8,1280,4.58
Master,1,711,3256.38,1272,4.58
Master,1,712,3260.96,1289,4.58
Master,1,713,3265.54,1309,4.58
Master,1,714,3270.12,1295,4.58
Master,1,715,3274.7000000000003,1320,4.58
Master,1,716,3279.28,1335,4.58
Master,1,717,3283.86,1331,4.58
Master,1,718,3288.44,1346,4.58
Master,1,719,3293.02,1360,4.58
Master,1,720,3297.6,1361,4.58
Master,1,721,3302.18,1377,4.58
Master,1,722,3306.76,1383,4.58
Master,1,723,3311.34,1375,4.58
Master,1,724,3315.92,1396,4.58
Master,1,725,3320.5,1395,4.58
Master,1,726,3325.08,1382,4.58
Master,1,727,3329.66,1384,4.58
Master,1,728,3334.2400000000002,1384,4.58
Master,1,729,3338.82,1358,4.58
Master,1,730,3343.4,1354,4.58
Master,1,731,3347.98,1356,4.58
Master,1,732,3352.56,1345,4.58
Master,1,733,3357.14,1323,4.58
Master,1,734,3361.7200000000003,1324,4.58
Master,1,735,3366.3,1336,4.58
Master,1,736,3370.88,1319,4.58
Master,1,737,3375.46,1327,4.58
Master,1,738,3380.04,1340,4.58
Master,1,739,3384.62,1336,4.58
Master,1,740,3389.2000000000003,1341,4.58
Master,1,741,3393.78,1359,4.58
Master,1,742,3398.36,1351,4.58
Master,1,743,3402.94,1356,4.58
Master,1,744,3407.52,1376,4.58
Master,1,745,3412.1,1367,4.58
Master,1,746,3416.68,1370,4.58
Master,1,747,3421.26,1385,4.58
Master,1,748,3425.84,1376,4.58
Master,1,749,3430.42,1383,4.58
Master,1,750,3435.0,1392,4.58
Master,1,751,3439.58,1376,4.58
Master,1,752,3444.16,1379,4.58
Master,1,753,3448.7400000000002,1387,4.58
Master,1,754,3453.32,1374,4.58
Master,1,755,3457.9,1384,4.58
Master,1,756,3462.48,1395,4.58
Master,1,757,3467.06,1383,4.58
Master,1,758,3471.64,1382,4.58
Master,1,759,3476.2200000000003,1388,4.58
Master,1,760,3480.8,1374,4.58
Master,1,761,3485.38,1380,4.58
Master,1,762,3489.96,1388,4.58
Master,1,763,3494.54,1372,4.58
Master,1,764,3499.12,1368,4.58
Master,1,765,3503.7000000000003,1368,4.58
Master,1,766,3508.28,1345,4.58
Master,1,767,3512.86,1335,4.58
Master,1,768,3517.44,1331,4.58
Master,1,769,3522.02,1303,4.58
Master,1,770,3526.6,1255,4.58
Master,1,771,3531.18,1231,4.58
Master,1,772,3535.76,1228,4.58
Master,1,773,3540.34,1230,4.58
Master,1,774,3544.92,1214,4.58
Master,1,775,3549.5,1232,4.58
Master,1,776,3554.08,1235,4.58
Master,1,777,3558.66,1231,4.58
Master,1,778,3563.2400000000002,1239,4.58
Master,1,779,3567.82,1244,4.58
Master,1,780,3572.4,1248,4.58
Master,1,781,3576.98,1263,4.58
Master,1,782,3581.56,1260,4.58
Master,1,783,3586.14,1272,4.58
Master,1,784,3590.7200000000003,1287,4.58
Master,1,785,3595.3,1278,4.58
Master,1,786,3599.88,1288,4.58
Master,1,787,3604.46,1304,4.58
Master,1,788,3609.04,1295,4.58
Master,1,789,3613.62,1303,4.58
Master,1,790,3618.2000000000003,1302,4.58
Master,1,791,3622.78,1296,4.58
Master,1,792,3627.36,1297,4.58
Master,1,793,3631.94,1287,4.58
Master,1,794,3636.52,1279,4.58
Master,1,795,3641.1,1272,4.58
Master,1,796,3645.68,1249,4.58
Master,1,797,3650.26,1239,4.58
Master,1,798,3654.84,1204,4.58
Master,1,799,3659.42,1169,4.58
Master,1,800,3664.0,1150,4.58
Master,1,801,3668.58,1135,4.58
Master,1,802,3673.16,1132,4.58
Master,1,803,3677.7400000000002,1136,4.58
Master,1,804,3682.32,1127,4.58
Master,1,805,3686.9,1119,4.58
Master,1,806,3691.48,1132,4.58
Master,1,807,3696.06,1128,4.58
Master,1,808,3700.64,1129,4.58
Master,1,809,3705.2200000000003,1142,4.58
Master,1,810,3709.8,1127,4.58
Master,1,811,3714.38,1132,4.58
Master,1,812,3718.96,1144,4.58
Master,1,813,3723.54,1131,4.58
Master,1,814,3728.12,1134,4.58
Master,1,815,3732.7000000000003,1135,4.58
Master,1,816,3737.28,1132,4.58
Master,1,817,3741.86,1141,4.58
Master,1,818,3746.44,1147,4.58
Master,1,819,3751.02,1127,4.58
Master,1,820,3755.6,1128,4.58
Master,1,821,3760.18,1139,4.58
Master,1,822,3764.76,1129,4.58
Master,1,823,3769.34,1132,4.58
Master,1,824,3773.92,1140,4.58
Master,1,825,3778.5,1137,4.58
Master,1,826,3783.08,1143,4.58
Master,1,827,3787.66,1152,4.58
Master,1,828,3792.2400000000002,1149,4.58
Master,1,829,3796.82,1161,4.58
Master,1,830,3801.4,1171,4.58
Master,1,831,3805.98,1156,4.58
Master,1,832,3810.56,1164,4.58
Master,1,833,3815.14,1153,4.58
Master,1,834,3819.7200000000003,1142,4.58
Master,1,835,3824.3,1148,4.58
Master,1,836,3828.88,1137,4.58
Master,1,837,3833.46,1131,4.58
Master,1,838,3838.04,1110,4.58
Master,1,839,3842.62,1108,4.58
Master,1,840,3847.2000000000003,1097,4.58
Master,1,841,3851.78,1095,4.58
Master,1,842,3856.36,1071,4.58
Master,1,843,3860.94,1073,4.58
Master,1,844,3865.52,1079,4.58
Master,1,845,3870.1,1070,4.58
Master,1,846,3874.68,1076,4.58
Master,1,847,3879.26,1084,4.58
Master,1,848,3883.84,1080,4.58
Master,1,849,3888.42,1095,4.58
Master,1,850,3893.0,1086,4.58
Master,1,851,3897.58,1100,4.58
Master,1,852,3902.16,1115,4.58
Master,1,853,3906.7400000000002,1111,4.58
Master,1,854,3911.32,1119,4.58
Master,1,855,3915.9,1136,4.58
Master,1,856,3920.48,1136,4.58
Master,1,857,3925.06,1142,4.58
Master,1,858,3929.64,1142,4.58
Master,1,859,3934.2200000000003,1147,4.58
Master,1,860,3938.8,1159,4.58
Master,1,861,3943.38,1152,4.58
Master,1,862,3947.96,1156,4.58
Master,1,863,3952.54,1163,4.58
Master,1,864,3957.12,1149,4.58
Master,1,865,3961.7000000000003,1150,4.58
Master,1,866,3966.28,1153,4.58
Master,1,867,3970.86,1139,4.58
Master,1,868,3975.44,1124,4.58
Master,1,869,3980.02,1124,4.58
Master,1,870,3984.6,1123,4.58
Master,1,871,3989.18,1107,4.58
Master,1,872,3993.76,1111,4.58
Master,1,873,3998.34,1116,4.58
Master,1,874,4002.92,1112,4.58
Master,1,875,4007.5,1111,4.58
Master,1,876,4012.08,1118,4.58
Master,1,877,4016.66,1110,4.58
Master,1,878,4021.2400000000002,1112,4.58
Master,1,879,4025.82,1123,4.58
Master,1,880,4030.4,1112,4.58
Master,1,881,4034.98,1096,4.58
Master,1,882,4039.56,1105,4.58
Master,1,883,4044.14,1107,4.58
Master,1,884,4048.7200000000003,1086,4.58
Master,1,885,4053.3,1092,4.58
Master,1,886,4057.88,1104,4.58
Master,1,887,4062.46,1088,4.58
Master,1,888,4067.04,1095,4.58
Master,1,889,4071.62,1108,4.58
Master,1,890,4076.2000000000003,1100,4.58
Master,1,891,4080.78,1111,4.58
Master,1,892,4085.36,1127,4.58
Master,1,893,4089.94,1118,4.58
Master,1,894,4094.52,1137,4.58
Master,1,895,4099.1,1151,4.58
Master,1,896,4103.68,1143,4.58
Master,1,897,4108.26,1158,4.58
Master,1,898,4112.84,1176,4.58
Master,1,899,4117.42,1168,4.58
Master,1,900,4122.0,1181,4.58
Master,1,901,4126.58,1180,4.58
Master,1,902,4131.16,1168,4.58
Master,1,903,4135.74,1175,4.58
Master,1,904,4140.32,1175,4.58
Master,1,905,4144.9,1150,4.58
Master,1,906,4149.4800000000005,1136,4.58
Master,1,907,4154.06,1123,4.58
Master,1,908,4158.64,1120,4.58
Master,1,909,4163.22,1111,4.58
Master,1,910,4167.8,1100,4.58
Master,1,911,4172.38,1107,4.58
Master,1,912,4176.96,1115,4.58
Master,1,913,4181.54,1102,4.58
Master,1,914,4186.12,1120,4.58
Master,1,915,4190.7,1127,4.58
Master,1,916,4195.28,1124,4.58
Master,1,917,4199.86,1140,4.58
Master,1,918,4204.4400000000005,1149,4.58
Master,1,919,4209.02,1151,4.58
Master,1,920,4213.6,1164,4.58
Master,1,921,4218.18,1168,4.58
Master,1,922,4222.76,1169,4.58
Master,1,923,4227.34,1187,4.58
Master,1,924,4231.92,1179,4.58
Master,1,925,4236.5,1178,4.58
Master,1,926,4241.08,1189,4.58
Master,1,927,4245.66,1163,4.58
Master,1,928,4250.24,1159,4.58
Master,1,929,4254.82,1158,4.58
Master,1,930,4259.4,1137,4.58
Master,1,931,4263.9800000000005,1105,4.58
Master,1,932,4268.56,1090,4.58
Master,1,933,4273.14,1076,4.58
Master,1,934,4277.72,1072,4.58
Master,1,935,4282.3,1051,4.58
Master,1,936,4286.88,1050,4.58
Master,1,937,4291.46,1056,4.58
Master,1,938,4296.04,1040,4.58
Master,1,939,4300.62,1039,4.58
Master,1,940,4305.2,1038,4.58
Master,1,941,4309.78,1016,4.58
Master,1,942,4314.36,1024,4.58
Master,1,943,4318.9400000000005,1027,4.58
Master,1,944,4323.52,1006,4.58
Master,1,945,4328.1,998,4.58
Master,1,946,4332.68,1003,4.58
Master,1,947,4337.26,992,4.58
Master,1,948,4341.84,990,4.58
Master,1,949,4346.42,989,4.58
Master,1,950,4351.0,976,4.58
Master,1,951,4355.58,977,4.58
Master,1,952,4360.16,963,4.58
Master,1,953,4364.74,943,4.58
Master,1,954,4369.32,942,4.58
Master,1,955,4373.9,944,4.58
Master,1,956,4378.4800000000005,923,4.58
Master,1,957,4383.06,924,4.58
Master,1,958,4387.64,921,4.58
Master,1,959,4392.22,931,4.58
Master,1,960,4396.8,934,4.58
Master,1,961,4401.38,926,4.58
Master,1,962,4405.96,943,4.58
Master,1,963,4410.54,942,4.58
Master,1,964,4415.12,934,4.58
Master,1,965,4419.7,948,4.58
Master,1,966,4424.28,948,4.58
Master,1,967,4428.86,955,4.58
Master,1,968,4433.4400000000005,967,4.58
Master,1,969,4438.02,952,4.58
Master,1,970,4442.6,968,4.58
Master,1,971,4447.18,964,4.58
Master,1,972,4451.76,961,4.58
Master,1,973,4456.34,965,4.58
Master,1,974,4460.92,947,4.58
Master,1,975,4465.5,951,4.58
Master,1,976,4470.08,951,4.58
Master,1,977,4474.66,943,4.58
Master,1,978,4479.24,943,4.58
Master,1,979,4483.82,927,4.58
Master,1,980,4488.4,927,4.58
Master,1,981,4492.9800000000005,916,4.58
Master,1,982,4497.56,920,4.58
Master,1,983,4502.14,932,4.58
Master,1,984,4506.72,925,4.58
Master,1,985,4511.3,944,4.58
Master,1,986,4515.88,939,4.58
Master,1,987,4520.46,951,4.58
Master,1,988,4525.04,962,4.58
Master,1,989,4529.62,956,4.58
Master,1,990,4534.2,977,4.58
Master,1,991,4538.78,992,4.58
Master,1,992,4543.36,991,4.58
Master,1,993,4547.9400000000005,1000,4.58
Master,1,994,4552.52,1011,4.58
Master,1,995,4557.1,1015,4.58
Master,1,996,4561.68,1023,4.58
Master,1,997,4566.26,1024,4.58
Master,1,998,4570.84,1025,4.58
Master,1,999,4575.42,1031,4.58
Master,1,1000,4580.0,1014,4.58
Master,1,1001,4584.58,1012,4.58
Master,1,1002,4589.16,1021,4.58
Master,1,1003,4593.74,1006,4.58
Master,1,1004,4598.32,974,4.58
Master,1,1005,4602.9,976,4.58
Master,1,1006,4607.4800000000005,969,4.58
Master,1,1007,4612.06,947,4.58
Master,1,1008,4616.64,926,4.58
Master,1,1009,4621.22,928,4.58
Master,1,1010,4625.8,927,4.58
Master,1,1011,4630.38,907,4.58
Master,1,1012,4634.96,908,4.58
Master,1,1013,4639.54,912,4.58
Master,1,1014,4644.12,891,4.58
Master,1,1015,4648.7,884,4.58
Master,1,1016,4653.28,892,4.58
Master,1,1017,4657.86,872,4.58
Master,1,1018,4662.4400000000005,856,4.58
Master,1,1019,4667.02,866,4.58
Master,1,1020,4671.6,862,4.58
Master,1,1021,4676.18,859,4.58
Master,1,1022,4680.76,875,4.58
Master,1,1023,4685.34,884,4.58
Master,1,1024,4689.92,884,4.58
Master,1,1025,4694.5,897,4.58
Master,1,1026,4699.08,907,4.58
Master,1,1027,4703.66,911,4.58
Master,1,1028,4708.24,924,4.58
Master,1,1029,4712.82,928,4.58
Master,1,1030,4717.4,943,4.58
Master,1,1031,4721.9800000000005,951,4.58
Master,1,1032,4726.56,942,4.58
Master,1,1033,4731.14,961,4.58
Master,1,1034,4735.72,969,4.58
Master,1,1035,4740.3,971,4.58
Master,1,1036,4744.88,980,4.58
Master,1,1037,4749.46,977,4.58
Master,1,1038,4754.04,987,4.58
Master,1,1039,4758.62,991,4.58
Master,1,1040,4763.2,976,4.58
Master,1,1041,4767.78,972,4.58
Master,1,1042,4772.36,963,4.58
Master,1,1043,4776.9400000000005,951,4.58
Master,1,1044,4781.52,932,4.58
Master,1,1045,4786.1,920,4.58
Master,1,1046,4790.68,907,4.58
Master,1,1047,4795.26,896,4.58
Master,1,1048,4799.84,898,4.58
Master,1,1049,4804.42,888,4.58
Master,1,1050,4809.0,891,4.58
Master,1,1051,4813.58,903,4.58
Master,1,1052,4818.16,900,4.58
Master,1,1053,4822.74,921,4.58
Master,1,1054,4827.32,928,4.58
Master,1,1055,4831.9,927,4.58
Master,1,1056,4836.4800000000005,944,4.58
Master,1,1057,4841.06,937,4.58
Master,1,1058,4845.64,947,4.58
Master,1,1059,4850.22,963,4.58
Master,1,1060,4854.8,950,4.58
Master,1,1061,4859.38,961,4.58
Master,1,1062,4863.96,977,4.58
Master,1,1063,4868.54,966,4.58
Master,1,1064,4873.12,972,4.58
Master,1,1065,4877.7,985,4.58
Master,1,1066,4882.28,971,4.58
Master,1,1067,4886.86,980,4.58
Master,1,1068,4891.4400000000005,974,4.58
Master,1,1069,4896.02,952,4.58
Master,1,1070,4900.6,943,4.58
Master,1,1071,4905.18,943,4.58
Master,1,1072,4909.76,928,4.58
Master,1,1073,4914.34,913,4.58
Master,1,1074,4918.92,919,4.58
Master,1,1075,4923.5,908,4.58
Master,1,1076,4928.08,888,4.58
Master,1,1077,4932.66,895,4.58
Master,1,1078,4937.24,899,4.58
Master,1,1079,4941.82,872,4.58
Master,1,1080,4946.4,860,4.58
Master,1,1081,4950.9800000000005,871,4.58
Master,1,1082,4955.56,859,4.58
Master,1,1083,4960.14,840,4.58
Master,1,1084,4964.72,852,4.58
Master,1,1085,4969.3,856,4.58
Master,1,1086,4973.88,843,4.58
Master,1,1087,4978.46,851,4.58
Master,1,1088,4983.04,862,4.58
Master,1,1089,4987.62,856,4.58
Master,1,1090,4992.2,870,4.58
Master,1,1091,4996.78,884,4.58
Master,1,1092,5001.36,888,4.58
Master,1,1093,5005.9400000000005,903,4.58
Master,1,1094,5010.52,915,4.58
Master,1,1095,5015.1,908,4.58
Master,1,1096,5019.68,924,4.58
Master,1,1097,5024.26,937,4.58
Master,1,1098,5028.84,929,4.58
Master,1,1099,5033.42,942,4.58
Master,1,1100,5038.0,927,4.58
Master,1,1101,5042.58,937,4.58
Master,1,1102,5047.16,943,4.58
Master,1,1103,5051.74,927,4.58
Master,1,1104,5056.32,932,4.58
Master,1,1105,5060.9,913,4.58
Master,1,1106,5065.4800000000005,915,4.58
Master,1,1107,5070.06,907,4.58
Master,1,1108,5074.64,916,4.58
Master,1,1109,5079.22,916,4.58
Master,1,1110,5083.8,913,4.58
Master,1,1111,5088.38,931,4.58
Master,1,1112,5092.96,929,4.58
Master,1,1113,5097.54,937,4.58
Master,1,1114,5102.12,951,4.58
Master,1,1115,5106.7,940,4.58
Master,1,1116,5111.28,952,4.58
Master,1,1117,5115.86,963,4.58
Master,1,1118,5120.4400000000005,955,4.58
Master,1,1119,5125.02,967,4.58
Master,1,1120,5129.6,968,4.58
Master,1,1121,5134.18,976,4.58
Master,1,1122,5138.76,982,4.58
Master,1,1123,5143.34,966,4.58
Master,1,1124,5147.92,976,4.58
Master,1,1125,5152.5,963,4.58
Master,1,1126,5157.08,963,4.58
Master,1,1127,5161.66,954,4.58
Master,1,1128,5166.24,948,4.58
Master,1,1129,5170.82,953,4.58
Master,1,1130,5175.4,939,4.58
Master,1,1131,5179.9800000000005,930,4.58
Master,1,1132,5184.56,934,4.58
Master,1,1133,5189.14,931,4.58
Master,1,1134,5193.72,939,4.58
Master,1,1135,5198.3,942,4.58
Master,1,1136,5202.88,932,4.58
Master,1,1137,5207.46,944,4.58
Master,1,1138,5212.04,940,4.58
Master,1,1139,5216.62,922,4.58
Master,1,1140,5221.2,931,4.58
Master,1,1141,5225.78,923,4.58
Master,1,1142,5230.36,910,4.58
Master,1,1143,5234.9400000000005,908,4.58
Master,1,1144,5239.52,912,4.58
Master,1,1145,5244.1,899,4.58
Master,1,1146,5248.68,897,4.58
Master,1,1147,5253.26,900,4.58
Master,1,1148,5257.84,892,4.58
Master,1,1149,5262.42,893,4.58
Master,1,1150,5267.0,891,4.58
Master,1,1151,5271.58,870,4.58
Master,1,1152,5276.16,875,4.58
Master,1,1153,5280.74,859,4.58
Master,1,1154,5285.32,830,4.58
Master,1,1155,5289.9,836,4.58
Master,1,1156,5294.4800000000005,833,4.58
Master,1,1157,5299.06,813,4.58
Master,1,1158,5303.64,790,4.58
Master,1,1159,5308.22,787,4.58
Master,1,1160,5312.8,787,4.58
Master,1,1161,5317.38,798,4.58
Master,1,1162,5321.96,792,4.58
Master,1,1163,5326.54,807,4.58
Master,1,1164,5331.12,830,4.58
Master,1,1165,5335.7,832,4.58
Master,1,1166,5340.28,852,4.58
Master,1,1167,5344.86,872,4.58
Master,1,1168,5349.4400000000005,871,4.58
Master,1,1169,5354.02,890,4.58
Master,1,1170,5358.6,909,4.58
Master,1,1171,5363.18,913,4.58
Master,1,1172,5367.76,933,4.58
Master,1,1173,5372.34,927,4.58
Master,1,1174,5376.92,940,4.58
Master,1,1175,5381.5,957,4.58
Master,1,1176,5386.08,951,4.58
Master,1,1177,5390.66,958,4.58
Master,1,1178,5395.24,952,4.58
Master,1,1179,5399.82,933,4.58
Master,1,1180,5404.4,931,4.58
Master,1,1181,5408.9800000000005,911,4.58
Master,1,1182,5413.56,890,4.58
Master,1,1183,5418.14,865,4.58
Master,1,1184,5422.72,863,4.58
Master,1,1185,5427.3,847,4.58
Master,1,1186,5431.88,854,4.58
Master,1,1187,5436.46,868,4.58
Master,1,1188,5441.04,864,4.58
Master,1,1189,5445.62,881,4.58
Master,1,1190,5450.2,891,4.58
Master,1,1191,5454.78,887,4.58
Master,1,1192,5459.36,899,4.58
Master,1,1193,5463.9400000000005,903,4.58
Master,1,1194,5468.52,899,4.58
Master,1,1195,5473.1,913,4.58
Master,1,1196,5477.68,915,4.58
Master,1,1197,5482.26,907,4.58
Master,1,1198,5486.84,916,4.58
Master,1,1199,5491.42,918,4.58
Master,1,1200,5496.0,910,4.58
Master,1,1201,5500.58,920,4.58
Master,1,1202,5505.16,920,4.58
Master,1,1203,5509.74,905,4.58
Master,1,1204,5514.32,911,4.58
Master,1,1205,5518.9,899,4.58
Master,1,1206,5523.4800000000005,872,4.58
Master,1,1207,5528.06,883,4.58
Master,1,1208,5532.64,886,4.58
Master,1,1209,5537.22,872,4.58
Master,1,1210,5541.8,871,4.58
Master,1,1211,5546.38,862,4.58
Master,1,1212,5550.96,862,4.58
Master,1,1213,5555.54,865,4.58
Master,1,1214,5560.12,849,4.58
Master,1,1215,5564.7,851,4.58
Master,1,1216,5569.28,834,4.58
Master,1,1217,5573.86,828,4.58
Master,1,1218,5578.4400000000005,807,4.58
Master,1,1219,5583.02,782,4.58
Master,1,1220,5587.6,776,4.58
Master,1,1221,5592.18,779,4.58
Master,1,1222,5596.76,781,4.58
Master,1,1223,5601.34,762,4.58
Master,1,1224,5605.92,758,4.58
Master,1,1225,5610.5,776,4.58
Master,1,1226,5615.08,764,4.58
Master,1,1227,5619.66,775,4.58
Master,1,1228,5624.24,791,4.58
Master,1,1229,5628.82,792,4.58
Master,1,1230,5633.4,816,4.58
Master,1,1231,5637.9800000000005,811,4.58
Master,1,1232,5642.56,814,4.58
Master,1,1233,5647.14,833,4.58
Master,1,1234,5651.72,835,4.58
Master,1,1235,5656.3,839,4.58
Master,1,1236,5660.88,836,4.58
Master,1,1237,5665.46,841,4.58
Master,1,1238,5670.04,851,4.58
Master,1,1239,5674.62,833,4.58
Master,1,1240,5679.2,830,4.58
Master,1,1241,5683.78,828,4.58
Master,1,1242,5688.36,827,4.58
Master,1,1243,5692.9400000000005,810,4.58
Master,1,1244,5697.52,796,4.58
Master,1,1245,5702.1,806,4.58
Master,1,1246,5706.68,791,4.58
Master,1,1247,5711.26,785,4.58
Master,1,1248,5715.84,773,4.58
Master,1,1249,5720.42,759,4.58
Master,1,1250,5725.0,751,4.58
Master,1,1251,5729.58,734,4.58
Master,1,1252,5734.16,729,4.58
Master,1,1253,5738.74,731,4.58
Master,1,1254,5743.32,732,4.58
Master,1,1255,5747.9,734,4.58
Master,1,1256,5752.4800000000005,723,4.58
Master,1,1257,5757.06,734,4.58
Master,1,1258,5761.64,739,4.58
Master,1,1259,5766.22,736,4.58
Master,1,1260,5770.8,744,4.58
Master,1,1261,5775.38,745,4.58
Master,1,1262,5779.96,743,4.58
Master,1,1263,5784.54,751,4.58
Master,1,1264,5789.12,738,4.58
Master,1,1265,5793.7,732,4.58
Master,1,1266,5798.28,739,4.58
Master,1,1267,5802.86,723,4.58
Master,1,1268,5807.4400000000005,705,4.58
Master,1,1269,5812.02,712,4.58
Master,1,1270,5816.6,699,4.58
Master,1,1271,5821.18,682,4.58
Master,1,1272,5825.76,680,4.58
Master,1,1273,5830.34,679,4.58
Master,1,1274,5834.92,679,4.58
Master,1,1275,5839.5,676,4.58
Master,1,1276,5844.08,672,4.58
Master,1,1277,5848.66,683,4.58
Master,1,1278,5853.24,679,4.58
Master,1,1279,5857.82,668,4.58
Master,1,1280,5862.4,672,4.58
Master,1,1281,5866.9800000000005,669,4.58
Master,1,1282,5871.56,676,4.58
Master,1,1283,5876.14,671,4.58
Master,1,1284,5880.72,676,4.58
Master,1,1285,5885.3,693,4.58
Master,1,1286,5889.88,691,4.58
Master,1,1287,5894.46,687,4.58
Master,1,1288,5899.04,698,4.58
Master,1,1289,5903.62,703,4.58
Master,1,1290,5908.2,720,4.58
Master,1,1291,5912.78,718,4.58
Master,1,1292,5917.36,720,4.58
Master,1,1293,5921.9400000000005,739,4.58
Master,1,1294,5926.52,735,4.58
Master,1,1295,5931.1,732,4.58
Master,1,1296,5935.68,748,4.58
Master,1,1297,5940.26,737,4.58
Master,1,1298,5944.84,743,4.58
Master,1,1299,5949.42,730,4.58
Master,1,1300,5954.0,736,4.58
Master,1,1301,5958.58,743,4.58
Master,1,1302,5963.16,742,4.58
Master,1,1303,5967.74,750,4.58
Master,1,1304,5972.32,744,4.58
Master,1,1305,5976.900000000001,757,4.58
Master,1,1306,5981.4800000000005,767,4.58
Master,1,1307,5986.06,766,4.58
Master,1,1308,5990.64,777,4.58
Master,1,1309,5995.22,771,4.58
Master,1,1310,5999.8,777,4.58
Master,1,1311,6004.38,780,4.58
Master,1,1312,6008.96,776,4.58
Master,1,1313,6013.54,784,4.58
Master,1,1314,6018.12,779,4.58
Master,1,1315,6022.7,782,4.58
Master,1,1316,6027.28,771,4.58
Master,1,1317,6031.86,755,4.58
Master,1,1318,6036.4400000000005,758,4.58
Master,1,1319,6041.02,746,4.58
Master,1,1320,6045.6,729,4.58
Master,1,1321,6050.18,715,4.58
Master,1,1322,6054.76,711,4.58
Master,1,1323,6059.34,702,4.58
Master,1,1324,6063.92,700,4.58
Master,1,1325,6068.5,695,4.58
Master,1,1326,6073.08,684,4.58
Master,1,1327,6077.66,697,4.58
Master,1,1328,6082.24,707,4.58
Master,1,1329,6086.82,702,4.58
Master,1,1330,6091.400000000001,716,4.58
Master,1,1331,6095.9800000000005,728,4.58
Master,1,1332,6100.56,735,4.58
Master,1,1333,6105.14,746,4.58
Master,1,1334,6109.72,749,4.58
Master,1,1335,6114.3,753,4.58
Master,1,1336,6118.88,763,4.58
Master,1,1337,6123.46,759,4.58
Master,1,1338,6128.04,748,4.58
Master,1,1339,6132.62,756,4.58
Master,1,1340,6137.2,755,4.58
Master,1,1341,6141.78,749,4.58
Master,1,1342,6146.36,748,4.58
Master,1,1343,6150.9400000000005,752,4.58
Master,1,1344,6155.52,731,4.58
Master,1,1345,6160.1,731,4.58
Master,1,1346,6164.68,728,4.58
Master,1,1347,6169.26,712,4.58
Master,1,1348,6173.84,699,4.58
Master,1,1349,6178.42,707,4.58
Master,1,1350,6183.0,689,4.58
Master,1,1351,6187.58,681,4.58
Master,1,1352,6192.16,663,4.58
Master,1,1353,6196.74,650,4.58
Master,1,1354,6201.32,636,4.58
Master,1,1355,6205.900000000001,633,4.58
Master,1,1356,6210.4800000000005,643,4.58
Master,1,1357,6215.06,640,4.58
Master,1,1358,6219.64,628,4.58
Master,1,1359,6224.22,643,4.58
Master,1,1360,6228.8,653,4.58
Master,1,1361,6233.38,641,4.58
Master,1,1362,6237.96,650,4.58
Master,1,1363,6242.54,673,4.58
Master,1,1364,6247.12,675,4.58
Master,1,1365,6251.7,682,4.58
Master,1,1366,6256.28,692,4.58
Master,1,1367,6260.86,699,4.58
Master,1,1368,6265.4400000000005,719,4.58
Master,1,1369,6270.02,719,4.58
Master,1,1370,6274.6,718,4.58
Master,1,1371,6279.18,744,4.58
Master,1,1372,6283.76,739,4.58
Master,1,1373,6288.34,748,4.58
Master,1,1374,6292.92,751,4.58
Master,1,1375,6297.5,749,4.58
Master,1,1376,6302.08,755,4.58
Master,1,1377,6306.66,738,4.58
Master,1,1378,6311.24,732,4.58
Master,1,1379,6315.82,733,4.58
Master,1,1380,6320.400000000001,731,4.58
Master,1,1381,6324.9800000000005,727,4.58
Master,1,1382,6329.56,712,4.58
Master,1,1383,6334.14,732,4.58
Master,1,1384,6338.72,737,4.58
Master,1,1385,6343.3,743,4.58
Master,1,1386,6347.88,758,4.58
Master,1,1387,6352.46,763,4.58
Master,1,1388,6357.04,781,4.58
Master,1,1389,6361.62,776,4.58
Master,1,1390,6366.2,772,4.58
Master,1,1391,6370.78,785,4.58
Master,1,1392,6375.36,775,4.58
Master,1,1393,6379.9400000000005,778,4.58
Master,1,1394,6384.52,784,4.58
Master,1,1395,6389.1,788,4.58
Master,1,1396,6393.68,783,4.58
Master,1,1397,6398.26,787,4.58
Master,1,1398,6402.84,790,4.58
Master,1,1399,6407.42,796,4.58
Master,1,1400,6412.0,812,4.58
Master,1,1401,6416.58,804,4.58
Master,1,1402,6421.16,812,4.58
Master,1,1403,6425.74,804,4.58
Master,1,1404,6430.32,800,4.58
Master,1,1405,6434.900000000001,803,4.58
Master,1,1406,6439.4800000000005,797,4.58
Master,1,1407,6444.06,801,4.58
Master,1,1408,6448.64,791,4.58
Master,1,1409,6453.22,783,4.58
Master,1,1410,6457.8,787,4.58
Master,1,1411,6462.38,772,4.58
Master,1,1412,6466.96,768,4.58
Master,1,1413,6471.54,776,4.58
Master,1,1414,6476.12,767,4.58
Master,1,1415,6480.7,775,4.58
Master,1,1416,6485.28,783,4.58
Master,1,1417,6489.86,770,4.58
Master,1,1418,6494.4400000000005,784,4.58
Master,1,1419,6499.02,791,4.58
Master,1,1420,6503.6,801,4.58
Master,1,1421,6508.18,798,4.58
Master,1,1422,6512.76,804,4.58
Master,1,1423,6517.34,811,4.58
Master,1,1424,6521.92,823,4.58
Master,1,1425,6526.5,806,4.58
Master,1,1426,6531.08,824,4.58
Master,1,1427,6535.66,832,4.58
Master,1,1428,6540.24,830,4.58
Master,1,1429,6544.82,840,4.58
Master,1,1430,6549.400000000001,831,4.58
Master,1,1431,6553.9800000000005,839,4.58
Master,1,1432,6558.56,840,4.58
Master,1,1433,6563.14,836,4.58
Master,1,1434,6567.72,843,4.58
Master,1,1435,6572.3,834,4.58
Master,1,1436,6576.88,838,4.58
Master,1,1437,6581.46,841,4.58
Master,1,1438,6586.04,827,4.58
Master,1,1439,6590.62,842,4.58
Master,1,1440,6595.2,836,4.58
Master,1,1441,6599.78,843,4.58
Master,1,1442,6604.36,855,4.58
Master,1,1443,6608.9400000000005,846,4.58
Master,1,1444,6613.52,860,4.58
Master,1,1445,6618.1,865,4.58
Master,1,1446,6622.68,854,4.58
Master,1,1447,6627.26,862,4.58
Master,1,1448,6631.84,856,4.58
Master,1,1449,6636.42,864,4.58
Master,1,1450,6641.0,859,4.58
Master,1,1451,6645.58,847,4.58
Master,1,1452,6650.16,846,4.58
Master,1,1453,6654.74,837,4.58
Master,1,1454,6659.32,817,4.58
Master,1,1455,6663.900000000001,804,4.58
Master,1,1456,6668.4800000000005,798,4.58
Master,1,1457,6673.06,797,4.58
Master,1,1458,6677.64,779,4.58
Master,1,1459,6682.22,758,4.58
Master,1,1460,6686.8,752,4.58
Master,1,1461,6691.38,747,4.58
Master,1,1462,6695.96,732,4.58
Master,1,1463,6700.54,716,4.58
Master,1,1464,6705.12,713,4.58
Master,1,1465,6709.7,699,4.58
Master,1,1466,6714.28,691,4.58
Master,1,1467,6718.86,684,4.58
Master,1,1468,6723.4400000000005,689,4.58
Master,1,1469,6728.02,677,4.58
Master,1,1470,6732.6,662,4.58
Master,1,1471,6737.18,673,4.58
Master,1,1472,6741.76,673,4.58
Master,1,1473,6746.34,675,4.58
Master,1,1474,6750.92,677,4.58
Master,1,1475,6755.5,668,4.58
Master,1,1476,6760.08,683,4.58
Master,1,1477,6764.66,675,4.58
Master,1,1478,6769.24,666,4.58
Master,1,1479,6773.82,672,4.58
Master,1,1480,6778.400000000001,671,4.58
Master,1,1481,6782.9800000000005,655,4.58
Master,1,1482,6787.56,652,4.58
Master,1,1483,6792.14,656,4.58
Master,1,1484,6796.72,665,4.58
Master,1,1485,6801.3,646,4.58
Master,1,1486,6805.88,640,4.58
Master,1,1487,6810.46,653,4.58
Master,1,1488,6815.04,651,4.58
Master,1,1489,6819.62,647,4.58
Master,1,1490,6824.2,654,4.58
Master,1,1491,6828.78,650,4.58
Master,1,1492,6833.36,667,4.58
Master,1,1493,6837.9400000000005,663,4.58
Master,1,1494,6842.52,648,4.58
Master,1,1495,6847.1,664,4.58
Master,1,1496,6851.68,656,4.58
Master,1,1497,6856.26,651,4.58
Master,1,1498,6860.84,635,4.58
Master,1,1499,6865.42,625,4.58
Master,1,1500,6870.0,624,4.58
Master,1,1501,6874.58,619,4.58
Master,1,1502,6879.16,607,4.58
Master,1,1503,6883.74,605,4.58
Master,1,1504,6888.32,599,4.58
Master,1,1505,6892.900000000001,586,4.58
Master,1,1506,6897.4800000000005,577,4.58
Master,1,1507,6902.06,573,4.58
Master,1,1508,6906.64,583,4.58
Master,1,1509,6911.22,574,4.58
Master,1,1510,6915.8,573,4.58
Master,1,1511,6920.38,585,4.58
Master,1,1512,6924.96,591,4.58
Master,1,1513,6929.54,599,4.58
Master,1,1514,6934.12,592,4.58
Master,1,1515,6938.7,593,4.58
Master,1,1516,6943.28,611,4.58
Master,1,1517,6947.86,606,4.58
Master,1,1518,6952.4400000000005,604,4.58
Master,1,1519,6957.02,613,4.58
Master,1,1520,6961.6,615,4.58
Master,1,1521,6966.18,614,4.58
Master,1,1522,6970.76,612,4.58
Master,1,1523,6975.34,621,4.58
Master,1,1524,6979.92,627,4.58
Master,1,1525,6984.5,623,4.58
Master,1,1526,6989.08,620,4.58
Master,1,1527,6993.66,618,4.58
Master,1,1528,6998.24,611,4.58
Master,1,1529,7002.82,607,4.58
Master,1,1530,7007.400000000001,608,4.58
Master,1,1531,7011.9800000000005,608,4.58
Master,1,1532,7016.56,608,4.58
Master,1,1533,7021.14,607,4.58
Master,1,1534,7025.72,612,4.58
Master,1,1535,7030.3,613,4.58
Master,1,1536,7034.88,628,4.58
Master,1,1537,7039.46,627,4.58
Master,1,1538,7044.04,634,4.58
Master,1,1539,7048.62,632,4.58
Master,1,1540,7053.2,639,4.58
Master,1,1541,7057.78,647,4.58
Master,1,1542,7062.36,637,4.58
Master,1,1543,7066.9400000000005,631,4.58
Master,1,1544,7071.52,634,4.58
Master,1,1545,7076.1,628,4.58
Master,1,1546,7080.68,617,4.58
Master,1,1547,7085.26,617,4.58
Master,1,1548,7089.84,615,4.58
Master,1,1549,7094.42,600,4.58
Master,1,1550,7099.0,604,4.58
Master,1,1551,7103.58,605,4.58
Master,1,1552,7108.16,591,4.58
Master,1,1553,7112.74,582,4.58
Master,1,1554,7117.32,592,4.58
Master,1,1555,7121.900000000001,590,4.58
Master,1,1556,7126.4800000000005,574,4.58
Master,1,1557,7131.06,574,4.58
Master,1,1558,7135.64,579,4.58
Master,1,1559,7140.22,570,4.58
Master,1,1560,7144.8,559,4.58
Master,1,1561,7149.38,560,4.58
Master,1,1562,7153.96,573,4.58
Master,1,1563,7158.54,571,4.58
Master,1,1564,7163.12,566,4.58
Master,1,1565,7167.7,577,4.58
Master,1,1566,7172.28,571,4.58
Master,1,1567,7176.86,559,4.58
Master,1,1568,7181.4400000000005,567,4.58
Master,1,1569,7186.02,568,4.58
Master,1,1570,7190.6,585,4.58
Master,1,1571,7195.18,577,4.58
Master,1,1572,7199.76,574,4.58
Master,1,1573,7204.34,590,4.58
Master,1,1574,7208.92,595,4.58
Master,1,1575,7213.5,597,4.58
Master,1,1576,7218.08,598,4.58
Master,1,1577,7222.66,612,4.58
Master,1,1578,7227.24,619,4.58
Master,1,1579,7231.82,623,4.58
Master,1,1580,7236.400000000001,629,4.58
Master,1,1581,7240.9800000000005,622,4.58
Master,1,1582,7245.56,644,4.58
Master,1,1583,7250.14,646,4.58
Master,1,1584,7254.72,638,4.58
Master,1,1585,7259.3,660,4.58
Master,1,1586,7263.88,667,4.58
Master,1,1587,7268.46,675,4.58
Master,1,1588,7273.04,678,4.58
Master,1,1589,7277.62,684,4.58
Master,1,1590,7282.2,693,4.58
Master,1,1591,7286.78,695,4.58
Master,1,1592,7291.36,687,4.58
Master,1,1593,7295.9400000000005,690,4.58
Master,1,1594,7300.52,700,4.58
Master,1,1595,7305.1,688,4.58
Master,1,1596,7309.68,691,4.58
Master,1,1597,7314.26,692,4.58
Master,1,1598,7318.84,701,4.58
Master,1,1599,7323.42,710,4.58
Master,1,1600,7328.0,690,4.58
Master,1,1601,7332.58,699,4.58
Master,1,1602,7337.16,695,4.58
Master,1,1603,7341.74,683,4.58
Master,1,1604,7346.32,671,4.58
Master,1,1605,7350.900000000001,666,4.58
Master,1,1606,7355.4800000000005,667,4.58
Master,1,1607,7360.06,667,4.58
Master,1,1608,7364.64,649,4.58
Master,1,1609,7369.22,669,4.58
Master,1,1610,7373.8,667,4.58
Master,1,1611,7378.38,676,4.58
Master,1,1612,7382.96,682,4.58
Master,1,1613,7387.54,684,4.58
Master,1,1614,7392.12,702,4.58
Master,1,1615,7396.7,716,4.58
Master,1,1616,7401.28,708,4.58
Master,1,1617,7405.86,724,4.58
Master,1,1618,7410.4400000000005,724,4.58
Master,1,1619,7415.02,715,4.58
Master,1,1620,7419.6,727,4.58
Master,1,1621,7424.18,715,4.58
Master,1,1622,7428.76,711,4.58
Master,1,1623,7433.34,699,4.58
Master,1,1624,7437.92,689,4.58
Master,1,1625,7442.5,685,4.58
Master,1,1626,7447.08,677,4.58
Master,1,1627,7451.66,663,4.58
Master,1,1628,7456.24,655,4.58
Master,1,1629,7460.82,653,4.58
Master,1,1630,7465.400000000001,661,4.58
Master,1,1631,7469.9800000000005,662,4.58
Master,1,1632,7474.56,655,4.58
Master,1,1633,7479.14,660,4.58
Master,1,1634,7483.72,665,4.58
Master,1,1635,7488.3,679,4.58
Master,1,1636,7492.88,671,4.58
Master,1,1637,7497.46,692,4.58
Master,1,1638,7502.04,709,4.58
Master,1,1639,7506.62,711,4.58
Master,1,1640,7511.2,730,4.58
Master,1,1641,7515.78,740,4.58
Master,1,1642,7520.36,744,4.58
Master,1,1643,7524.9400000000005,759,4.58
Master,1,1644,7529.52,743,4.58
Master,1,1645,7534.1,732,4.58
Master,1,1646,7538.68,744,4.58
Master,1,1647,7543.26,741,4.58
Master,1,1648,7547.84,726,4.58
Master,1,1649,7552.42,725,4.58
Master,1,1650,7557.0,723,4.58
Master,1,1651,7561.58,719,4.58
Master,1,1652,7566.16,698,4.58
Master,1,1653,7570.74,708,4.58
Master,1,1654,7575.32,711,4.58
Master,1,1655,7579.900000000001,715,4.58
Master,1,1656,7584.4800000000005,716,4.58
Master,1,1657,7589.06,712,4.58
Master,1,1658,7593.64,708,4.58
Master,1,1659,7598.22,702,4.58
Master,1,1660,7602.8,682,4.58
Master,1,1661,7607.38,680,4.58
Master,1,1662,7611.96,688,4.58
Master,1,1663,7616.54,679,4.58
Master,1,1664,7621.12,666,4.58
Master,1,1665,7625.7,664,4.58
Master,1,1666,7630.28,663,4.58
Master,1,1667,7634.86,667,4.58
Master,1,1668,7639.4400000000005,665,4.58
Master,1,1669,7644.02,667,4.58
Master,1,1670,7648.6,669,4.58
Master,1,1671,7653.18,650,4.58
Master,1,1672,7657.76,641,4.58
Master,1,1673,7662.34,651,4.58
Master,1,1674,7666.92,650,4.58
Master,1,1675,7671.5,652,4.58
Master,1,1676,7676.08,648,4.58
Master,1,1677,7680.66,659,4.58
Master,1,1678,7685.24,662,4.58
Master,1,1679,7689.82,660,4.58
Master,1,1680,7694.400000000001,670,4.58
Master,1,1681,7698.9800000000005,673,4.58
Master,1,1682,7703.56,687,4.58
Master,1,1683,7708.14,684,4.58
Master,1,1684,7712.72,675,4.58
Master,1,1685,7717.3,685,4.58
Master,1,1686,7721.88,684,4.58
Master,1,1687,7726.46,687,4.58
Master,1,1688,7731.04,693,4.58
Master,1,1689,7735.62,689,4.58
Master,1,1690,7740.2,694,4.58
Master,1,1691,7744.78,696,4.58
Master,1,1692,7749.36,699,4.58
Master,1,1693,7753.9400000000005,697,4.58
Master,1,1694,7758.52,690,4.58
Master,1,1695,7763.1,702,4.58
Master,1,1696,7767.68,697,4.58
Master,1,1697,7772.26,689,4.58
Master,1,1698,7776.84,699,4.58
Master,1,1699,7781.42,698,4.58
Master,1,1700,7786.0,708,4.58
Master,1,1701,7790.58,701,4.58
Master,1,1702,7795.16,694,4.58
Master,1,1703,7799.74,702,4.58
Master,1,1704,7804.32,699,4.58
Master,1,1705,7808.900000000001,703,4.58
Master,1,1706,7813.4800000000005,710,4.58
Master,1,1707,7818.06,708,4.58
Master,1,1708,7822.64,720,4.58
Master,1,1709,7827.22,727,4.58
Master,1,1710,7831.8,722,4.58
Master,1,1711,7836.38,726,4.58
Master,1,1712,7840.96,726,4.58
Master,1,1713,7845.54,723,4.58
Master,1,1714,7850.12,733,4.58
Master,1,1715,7854.7,720,4.58
Master,1,1716,7859.28,727,4.58
Master,1,1717,7863.86,715,4.58
Master,1,1718,7868.4400000000005,704,4.58
Master,1,1719,7873.02,712,4.58
Master,1,1720,7877.6,704,4.58
Master,1,1721,7882.18,695,4.58
Master,1,1722,7886.76,694,4.58
Master,1,1723,7891.34,696,4.58
Master,1,1724,7895.92,701,4.58
Master,1,1725,7900.5,687,4.58
Master,1,1726,7905.08,683,4.58
Master,1,1727,7909.66,684,4.58
Master,1,1728,7914.24,688,4.58
Master,1,1729,7918.82,675,4.58
Master,1,1730,7923.400000000001,676,4.58
Master,1,1731,7927.9800000000005,664,4.58
Master,1,1732,7932.56,659,4.58
Master,1,1733,7937.14,669,4.58
Master,1,1734,7941.72,668,4.58
Master,1,1735,7946.3,684,4.58
Master,1,1736,7950.88,695,4.58
Master,1,1737,7955.46,683,4.58
Master,1,1738,7960.04,687,4.58
Master,1,1739,7964.62,691,4.58
Master,1,1740,7969.2,682,4.58
Master,1,1741,7973.78,688,4.58
Master,1,1742,7978.36,683,4.58
Master,1,1743,7982.9400000000005,682,4.58
Master,1,1744,7987.52,684,4.58
Master,1,1745,7992.1,677,4.58
Master,1,1746,7996.68,683,4.58
Master,1,1747,8001.26,686,4.58
Master,1,1748,8005.84,676,4.58
Master,1,1749,8010.42,680,4.58
Master,1,1750,8015.0,679,4.58
Master,1,1751,8019.58,684,4.58
Master,1,1752,8024.16,673,4.58
Master,1,1753,8028.74,659,4.58
Master,1,1754,8033.32,659,4.58
Master,1,1755,8037.900000000001,654,4.58
Master,1,1756,8042.4800000000005,652,4.58
Master,1,1757,8047.06,649,4.58
Master,1,1758,8051.64,653,4.58
Master,1,1759,8056.22,666,4.58
Master,1,1760,8060.8,658,4.58
Master,1,1761,8065.38,657,4.58
Master,1,1762,8069.96,679,4.58
Master,1,1763,8074.54,683,4.58
Master,1,1764,8079.12,692,4.58
Master,1,1765,8083.7,697,4.58
Master,1,1766,8088.28,695,4.58
Master,1,1767,8092.86,704,4.58
Master,1,1768,8097.4400000000005,697,4.58
Master,1,1769,8102.02,697,4.58
Master,1,1770,8106.6,695,4.58
Master,1,1771,8111.18,690,4.58
Master,1,1772,8115.76,697,4.58
Master,1,1773,8120.34,685,4.58
Master,1,1774,8124.92,671,4.58
Master,1,1775,8129.5,670,4.58
Master,1,1776,8134.08,664,4.58
Master,1,1777,8138.66,647,4.58
Master,1,1778,8143.24,648,4.58
Master,1,1779,8147.82,644,4.58
Master,1,1780,8152.400000000001,649,4.58
Master,1,1781,8156.9800000000005,641,4.58
Master,1,1782,8161.56,623,4.58
Master,1,1783,8166.14,628,4.58
Master,1,1784,8170.72,629,4.58
Master,1,1785,8175.3,635,4.58
Master,1,1786,8179.88,646,4.58
Master,1,1787,8184.46,646,4.58
Master,1,1788,8189.04,664,4.58
Master,1,1789,8193.62,657,4.58
Master,1,1790,8198.2,652,4.58
Master,1,1791,8202.78,670,4.58
Master,1,1792,8207.36,665,4.58
Master,1,1793,8211.94,677,4.58
Master,1,1794,8216.52,687,4.58
Master,1,1795,8221.1,680,4.58
Master,1,1796,8225.68,688,4.58
Master,1,1797,8230.26,672,4.58
Master,1,1798,8234.84,658,4.58
Master,1,1799,8239.42,654,4.58
Master,1,1800,8244.0,649,4.58
Master,1,1801,8248.58,641,4.58
Master,1,1802,8253.16,638,4.58
Master,1,1803,8257.74,623,4.58
Master,1,1804,8262.32,620,4.58
Master,1,1805,8266.9,621,4.58
Master,1,1806,8271.48,625,4.58
Master,1,1807,8276.06,627,4.58
Master,1,1808,8280.64,614,4.58
Master,1,1809,8285.22,608,4.58
Master,1,1810,8289.8,611,4.58
Master,1,1811,8294.380000000001,607,4.58
Master,1,1812,8298.960000000001,625,4.58
Master,1,1813,8303.54,615,4.58
Master,1,1814,8308.12,616,4.58
Master,1,1815,8312.7,635,4.58
Master,1,1816,8317.28,639,4.58
Master,1,1817,8321.86,644,4.58
Master,1,1818,8326.44,656,4.58
Master,1,1819,8331.02,665,4.58
Master,1,1820,8335.6,675,4.58
Master,1,1821,8340.18,655,4.58
Master,1,1822,8344.76,648,4.58
Master,1,1823,8349.34,651,4.58
Master,1,1824,8353.92,643,4.58
Master,1,1825,8358.5,637,4.58
Master,1,1826,8363.08,631,4.58
Master,1,1827,8367.66,635,4.58
Master,1,1828,8372.24,626,4.58
Master,1,1829,8376.82,623,4.58
Master,1,1830,8381.4,626,4.58
Master,1,1831,8385.98,616,4.58
Master,1,1832,8390.56,618,4.58
Master,1,1833,8395.14,616,4.58
Master,1,1834,8399.72,604,4.58
Master,1,1835,8404.3,597,4.58
Master,1,1836,8408.880000000001,585,4.58
Master,1,1837,8413.460000000001,576,4.58
Master,1,1838,8418.04,573,4.58
Master,1,1839,8422.62,568,4.58
Master,1,1840,8427.2,561,4.58
Master,1,1841,8431.78,566,4.58
Master,1,1842,8436.36,556,4.58
Master,1,1843,8440.94,549,4.58
Master,1,1844,8445.52,549,4.58
Master,1,1845,8450.1,547,4.58
Master,1,1846,8454.68,541,4.58
Master,1,1847,8459.26,531,4.58
Master,1,1848,8463.84,526,4.58
Master,1,1849,8468.42,527,4.58
Master,1,1850,8473.0,534,4.58
Master,1,1851,8477.58,532,4.58
Master,1,1852,8482.16,536,4.58
Master,1,1853,8486.74,531,4.58
Master,1,1854,8491.32,532,4.58
Master,1,1855,8495.9,545,4.58
Master,1,1856,8500.48,547,4.58
Master,1,1857,8505.06,547,4.58
Master,1,1858,8509.64,558,4.58
Master,1,1859,8514.22,561,4.58
Master,1,1860,8518.8,578,4.58
Master,1,1861,8523.380000000001,584,4.58
Master,1,1862,8527.960000000001,586,4.58
Master,1,1863,8532.54,606,4.58
Master,1,1864,8537.12,609,4.58
Master,1,1865,8541.7,609,4.58
Master,1,1866,8546.28,620,4.58
Master,1,1867,8550.86,620,4.58
Master,1,1868,8555.44,636,4.58
Master,1,1869,8560.02,631,4.58
Master,1,1870,8564.6,623,4.58
Master,1,1871,8569.18,620,4.58
Master,1,1872,8573.76,613,4.58
Master,1,1873,8578.34,615,4.58
Master,1,1874,8582.92,611,4.58
Master,1,1875,8587.5,616,4.58
Master,1,1876,8592.08,627,4.58
Master,1,1877,8596.66,626,4.58
Master,1,1878,8601.24,624,4.58
Master,1,1879,8605.82,624,4.58
Master,1,1880,8610.4,623,4.58
Master,1,1881,8614.98,615,4.58
Master,1,1882,8619.56,604,4.58
Master,1,1883,8624.14,608,4.58
Master,1,1884,8628.72,603,4.58
Master,1,1885,8633.3,599,4.58
Master,1,1886,8637.880000000001,588,4.58
Master,1,1887,8642.460000000001,584,4.58
Master,1,1888,8647.04,585,4.58
Master,1,1889,8651.62,591,4.58
Master,1,1890,8656.2,587,4.58
Master,1,1891,8660.78,578,4.58
Master,1,1892,8665.36,580,4.58
Master,1,1893,8669.94,584,4.58
Master,1,1894,8674.52,587,4.58
Master,1,1895,8679.1,582,4.58
Master,1,1896,8683.68,572,4.58
Master,1,1897,8688.26,584,4.58
Master,1,1898,8692.84,591,4.58
Master,1,1899,8697.42,591,4.58
Master,1,1900,8702.0,588,4.58
Master,1,1901,8706.58,601,4.58
Master,1,1902,8711.16,603,4.58
Master,1,1903,8715.74,606,4.58
Master,1,1904,8720.32,602,4.58
Master,1,1905,8724.9,611,4.58
Master,1,1906,8729.48,610,4.58
Master,1,1907,8734.06,620,4.58
Master,1,1908,8738.64,609,4.58
Master,1,1909,8743.22,605,4.58
Master,1,1910,8747.8,606,4.58
Master,1,1911,8752.380000000001,606,4.58
Master,1,1912,8756.960000000001,603,4.58
Master,1,1913,8761.54,603,4.58
Master,1,1914,8766.12,595,4.58
Master,1,1915,8770.7,584,4.58
Master,1,1916,8775.28,588,4.58
Master,1,1917,8779.86,589,4.58
Master,1,1918,8784.44,603,4.58
Master,1,1919,8789.02,592,4.58
Master,1,1920,8793.6,593,4.58
Master,1,1921,8798.18,613,4.58
Master,1,1922,8802.76,611,4.58
Master,1,1923,8807.34,620,4.58
Master,1,1924,8811.92,611,4.58
Master,1,1925,8816.5,611,4.58
Master,1,1926,8821.08,616,4.58
Master,1,1927,8825.66,621,4.58
Master,1,1928,8830.24,619,4.58
Master,1,1929,8834.82,615,4.58
Master,1,1930,8839.4,612,4.58
Master,1,1931,8843.98,609,4.58
Master,1,1932,8848.56,608,4.58
Master,1,1933,8853.14,609,4.58
Master,1,1934,8857.72,621,4.58
Master,1,1935,8862.3,606,4.58
Master,1,1936,8866.880000000001,598,4.58
Master,1,1937,8871.460000000001,601,4.58
Master,1,1938,8876.04,593,4.58
Master,1,1939,8880.62,588,4.58
Master,1,1940,8885.2,581,4.58
Master,1,1941,8889.78,579,4.58
Master,1,1942,8894.36,583,4.58
Master,1,1943,8898.94,568,4.58
Master,1,1944,8903.52,561,4.58
Master,1,1945,8908.1,569,4.58
Master,1,1946,8912.68,565,4.58
Master,1,1947,8917.26,550,4.58
Master,1,1948,8921.84,552,4.58
Master,1,1949,8926.42,546,4.58
Master,1,1950,8931.0,550,4.58
Master,1,1951,8935.58,542,4.58
Master,1,1952,8940.16,540,4.58
Master,1,1953,8944.74,539,4.58
Master,1,1954,8949.32,551,4.58
Master,1,1955,8953.9,560,4.58
Master,1,1956,8958.48,563,4.58
Master,1,1957,8963.06,563,4.58
Master,1,1958,8967.64,564,4.58
Master,1,1959,8972.22,566,4.58
Master,1,1960,8976.8,563,4.58
Master,1,1961,8981.380000000001,569,4.58
Master,1,1962,8985.960000000001,576,4.58
Master,1,1963,8990.54,564,4.58
Master,1,1964,8995.12,568,4.58
Master,1,1965,8999.7,566,4.58
Master,1,1966,9004.28,578,4.58
Master,1,1967,9008.86,572,4.58
Master,1,1968,9013.44,573,4.58
Master,1,1969,9018.02,583,4.58
Master,1,1970,9022.6,586,4.58
Master,1,1971,9027.18,582,4.58
Master,1,1972,9031.76,593,4.58
Master,1,1973,9036.34,599,4.58
Master,1,1974,9040.92,606,4.58
Master,1,1975,9045.5,600,4.58
Master,1,1976,9050.08,599,4.58
Master,1,1977,9054.66,605,4.58
Master,1,1978,9059.24,610,4.58
Master,1,1979,9063.82,620,4.58
Master,1,1980,9068.4,613,4.58
Master,1,1981,9072.98,611,4.58
Master,1,1982,9077.56,615,4.58
Master,1,1983,9082.14,608,4.58
Master,1,1984,9086.72,609,4.58
Master,1,1985,9091.3,623,4.58
Master,1,1986,9095.880000000001,623,4.58
Master,1,1987,9100.460000000001,626,4.58
Master,1,1988,9105.04,638,4.58
Master,1,1989,9109.62,639,4.58
Master,1,1990,9114.2,650,4.58
Master,1,1991,9118.78,636,4.58
Master,1,1992,9123.36,639,4.58
Master,1,1993,9127.94,651,4.58
Master,1,1994,9132.52,647,4.58
Master,1,1995,9137.1,643,4.58
Master,1,1996,9141.68,626,4.58
Master,1,1997,9146.26,625,4.58
Master,1,1998,9150.84,633,4.58
Master,1,1999,9155.42,629,4.58
Master,1,2000,9160.0,614,4.58
Master,1,2001,9164.58,619,4.58
Master,1,2002,9169.16,615,4.58
Master,1,2003,9173.74,614,4.58
Master,1,2004,9178.32,606,4.58
Master,1,2005,9182.9,608,4.58
Master,1,2006,9187.48,615,4.58
Master,1,2007,9192.06,615,4.58
Master,1,2008,9196.64,604,4.58
Master,1,2009,9201.22,601,4.58
Master,1,2010,9205.8,595,4.58
Master,1,2011,9210.380000000001,584,4.58
Master,1,2012,9214.960000000001,572,4.58
Master,1,2013,9219.54,563,4.58
Master,1,2014,9224.12,571,4.58
Master,1,2015,9228.7,559,4.58
Master,1,2016,9233.28,550,4.58
Master,1,2017,9237.86,568,4.58
Master,1,2018,9242.44,573,4.58
Master,1,2019,9247.02,587,4.58
Master,1,2020,9251.6,583,4.58
Master,1,2021,9256.18,582,4.58
Master,1,2022,9260.76,601,4.58
Master,1,2023,9265.34,591,4.58
Master,1,2024,9269.92,596,4.58
Master,1,2025,9274.5,608,4.58
Master,1,2026,9279.08,622,4.58
Master,1,2027,9283.66,623,4.58
Master,1,2028,9288.24,616,4.58
Master,1,2029,9292.82,637,4.58
Master,1,2030,9297.4,639,4.58
Master,1,2031,9301.98,655,4.58
Master,1,2032,9306.56,644,4.58
Master,1,2033,9311.14,639,4.58
Master,1,2034,9315.72,651,4.58
Master,1,2035,9320.3,647,4.58
Master,1,2036,9324.880000000001,643,4.58
Master,1,2037,9329.460000000001,640,4.58
Master,1,2038,9334.04,645,4.58
Master,1,2039,9338.62,647,4.58
Master,1,2040,9343.2,635,4.58
Master,1,2041,9347.78,622,4.58
Master,1,2042,9352.36,614,4.58
Master,1,2043,9356.94,604,4.58
Master,1,2044,9361.52,606,4.58
Master,1,2045,9366.1,598,4.58
Master,1,2046,9370.68,607,4.58
Master,1,2047,9375.26,608,4.58
Master,1,2048,9379.84,612,4.58
Master,1,2049,9384.42,616,4.58
Master,1,2050,9389.0,609,4.58
Master,1,2051,9393.58,616,4.58
Master,1,2052,9398.16,612,4.58
Master,1,2053,9402.74,601,4.58
Master,1,2054,9407.32,593,4.58
Master,1,2055,9411.9,582,4.58
Master,1,2056,9416.48,571,4.58
Master,1,2057,9421.06,560,4.58
Master,1,2058,9425.64,557,4.58
Master,1,2059,9430.22,555,4.58
Master,1,2060,9434.8,542,4.58
Master,1,2061,9439.380000000001,549,4.58
Master,1,2062,9443.960000000001,547,4.58
Master,1,2063,9448.54,550,4.58
Master,1,2064,9453.12,542,4.58
Master,1,2065,9457.7,536,4.58
Master,1,2066,9462.28,531,4.58
Master,1,2067,9466.86,531,4.58
Master,1,2068,9471.44,520,4.58
Master,1,2069,9476.02,525,4.58
Master,1,2070,9480.6,519,4.58
Master,1,2071,9485.18,514,4.58
Master,1,2072,9489.76,520,4.58
Master,1,2073,9494.34,527,4.58
Master,1,2074,9498.92,523,4.58
Master,1,2075,9503.5,527,4.58
Master,1,2076,9508.08,538,4.58
Master,1,2077,9512.66,539,4.58
Master,1,2078,9517.24,539,4.58
Master,1,2079,9521.82,543,4.58
Master,1,2080,9526.4,554,4.58
Master,1,2081,9530.98,552,4.58
Master,1,2082,9535.56,541,4.58
Master,1,2083,9540.14,551,4.58
Master,1,2084,9544.72,552,4.58
Master,1,2085,9549.3,560,4.58
Master,1,2086,9553.880000000001,555,4.58
Master,1,2087,9558.460000000001,556,4.58
Master,1,2088,9563.04,572,4.58
Master,1,2089,9567.62,569,4.58
Master,1,2090,9572.2,559,4.58
Master,1,2091,9576.78,558,4.58
Master,1,2092,9581.36,564,4.58
Master,1,2093,9585.94,563,4.58
Master,1,2094,9590.52,564,4.58
Master,1,2095,9595.1,556,4.58
Master,1,2096,9599.68,565,4.58
Master,1,2097,9604.26,563,4.58
Master,1,2098,9608.84,566,4.58
Master,1,2099,9613.42,574,4.58
Master,1,2100,9618.0,584,4.58
Master,1,2101,9622.58,589,4.58
Master,1,2102,9627.16,583,4.58
Master,1,2103,9631.74,590,4.58
Master,1,2104,9636.32,592,4.58
Master,1,2105,9640.9,599,4.58
Master,1,2106,9645.48,613,4.58
Master,1,2107,9650.06,601,4.58
Master,1,2108,9654.64,593,4.58
Master,1,2109,9659.22,586,4.58
Master,1,2110,9663.8,570,4.58
Master,1,2111,9668.380000000001,564,4.58
Master,1,2112,9672.960000000001,563,4.58
Master,1,2113,9677.54,577,4.58
Master,1,2114,9682.12,574,4.58
Master,1,2115,9686.7,570,4.58
Master,1,2116,9691.28,573,4.58
Master,1,2117,9695.86,576,4.58
Master,1,2118,9700.44,576,4.58
Master,1,2119,9705.02,568,4.58
Master,1,2120,9709.6,573,4.58
Master,1,2121,9714.18,573,4.58
Master,1,2122,9718.76,565,4.58
Master,1,2123,9723.34,560,4.58
Master,1,2124,9727.92,553,4.58
Master,1,2125,9732.5,551,4.58
Master,1,2126,9737.08,553,4.58
Master,1,2127,9741.66,556,4.58
Master,1,2128,9746.24,565,4.58
Master,1,2129,9750.82,559,4.58
Master,1,2130,9755.4,554,4.58
Master,1,2131,9759.98,552,4.58
Master,1,2132,9764.56,549,4.58
Master,1,2133,9769.14,547,4.58
Master,1,2134,9773.72,545,4.58
Master,1,2135,9778.3,536,4.58
Master,1,2136,9782.880000000001,540,4.58
Master,1,2137,9787.460000000001,551,4.58
Master,1,2138,9792.04,549,4.58
Master,1,2139,9796.62,543,4.58
Master,1,2140,9801.2,554,4.58
Master,1,2141,9805.78,560,4.58
Master,1,2142,9810.36,554,4.58
Master,1,2143,9814.94,551,4.58
Master,1,2144,9819.52,556,4.58
Master,1,2145,9824.1,548,4.58
Master,1,2146,9828.68,547,4.58
Master,1,2147,9833.26,551,4.58
Master,1,2148,9837.84,550,4.58
Master,1,2149,9842.42,548,4.58
Master,1,2150,9847.0,549,4.58
Master,1,2151,9851.58,557,4.58
Master,1,2152,9856.16,564,4.58
Master,1,2153,9860.74,559,4.58
Master,1,2154,9865.32,551,4.58
Master,1,2155,9869.9,536,4.58
Master,1,2156,9874.48,540,4.58
Master,1,2157,9879.06,545,4.58
Master,1,2158,9883.64,547,4.58
Master,1,2159,9888.22,554,4.58
Master,1,2160,9892.8,552,4.58
Master,1,2161,9897.380000000001,545,4.58
Master,1,2162,9901.960000000001,547,4.58
Master,1,2163,9906.54,545,4.58
Master,1,2164,9911.12,538,4.58
Master,1,2165,9915.7,532,4.58
Master,1,2166,9920.28,540,4.58
Master,1,2167,9924.86,535,4.58
Master,1,2168,9929.44,544,4.58
Master,1,2169,9934.02,540,4.58
Master,1,2170,9938.6,536,4.58
Master,1,2171,9943.18,545,4.58
Master,1,2172,9947.76,539,4.58
Master,1,2173,9952.34,542,4.58
Master,1,2174,9956.92,545,4.58
Master,1,2175,9961.5,559,4.58
Master,1,2176,9966.08,550,4.58
Master,1,2177,9970.66,538,4.58
Master,1,2178,9975.24,544,4.58
Master,1,2179,9979.82,541,4.58
Master,1,2180,9984.4,535,4.58
Master,1,2181,9988.98,536,4.58
Master,1,2182,9993.56,548,4.58
Master,1,2183,9998.14,559,4.58
Master,1,2184,10002.72,555,4.58
Master,1,2185,10007.3,543,4.58
Master,1,2186,10011.880000000001,556,4.58
Master,1,2187,10016.460000000001,555,4.58
Master,1,2188,10021.04,558,4.58
Master,1,2189,10025.62,555,4.58
Master,1,2190,10030.2,552,4.58
Master,1,2191,10034.78,563,4.58
Master,1,2192,10039.36,557,4.58
Master,1,2193,10043.94,556,4.58
Master,1,2194,10048.52,571,4.58
Master,1,2195,10053.1,576,4.58
Master,1,2196,10057.68,570,4.58
Master,1,2197,10062.26,572,4.58
Master,1,2198,10066.84,569,4.58
Master,1,2199,10071.42,573,4.58
Master,1,2200,10076.0,559,4.58
Master,1,2201,10080.58,555,4.58
Master,1,2202,10085.16,557,4.58
Master,1,2203,10089.74,555,4.58
Master,1,2204,10094.32,546,4.58
Master,1,2205,10098.9,548,4.58
Master,1,2206,10103.48,551,4.58
Master,1,2207,10108.06,549,4.58
Master,1,2208,10112.64,543,4.58
Master,1,2209,10117.22,542,4.58
Master,1,2210,10121.8,555,4.58
Master,1,2211,10126.380000000001,555,4.58
Master,1,2212,10130.960000000001,564,4.58
Master,1,2213,10135.54,581,4.58
Master,1,2214,10140.12,579,4.58
Master,1,2215,10144.7,587,4.58
Master,1,2216,10149.28,591,4.58
Master,1,2217,10153.86,584,4.58
Master,1,2218,10158.44,602,4.58
Master,1,2219,10163.02,603,4.58
Master,1,2220,10167.6,595,4.58
Master,1,2221,10172.18,590,4.58
Master,1,2222,10176.76,585,4.58
Master,1,2223,10181.34,595,4.58
Master,1,2224,10185.92,599,4.58
Master,1,2225,10190.5,584,4.58
Master,1,2226,10195.08,583,4.58
Master,1,2227,10199.66,590,4.58
Master,1,2228,10204.24,582,4.58
Master,1,2229,10208.82,584,4.58
Master,1,2230,10213.4,583,4.58
Master,1,2231,10217.98,581,4.58
Master,1,2232,10222.56,567,4.58
Master,1,2233,10227.14,561,4.58
Master,1,2234,10231.72,577,4.58
Master,1,2235,10236.3,581,4.58
Master,1,2236,10240.880000000001,576,4.58
Master,1,2237,10245.460000000001,584,4.58
Master,1,2238,10250.04,589,4.58
Master,1,2239,10254.62,603,4.58
Master,1,2240,10259.2,591,4.58
Master,1,2241,10263.78,586,4.58
Master,1,2242,10268.36,593,4.58
Master,1,2243,10272.94,597,4.58
Master,1,2244,10277.52,594,4.58
Master,1,2245,10282.1,582,4.58
Master,1,2246,10286.68,574,4.58
Master,1,2247,10291.26,579,4.58
Master,1,2248,10295.84,571,4.58
Master,1,2249,10300.42,562,4.58
Master,1,2250,10305.0,581,4.58
Master,1,2251,10309.58,583,4.58
Master,1,2252,10314.16,579,4.58
Master,1,2253,10318.74,582,4.58
Master,1,2254,10323.32,580,4.58
Master,1,2255,10327.9,590,4.58
Master,1,2256,10332.48,586,4.58
Master,1,2257,10337.06,575,4.58
Master,1,2258,10341.64,568,4.58
Master,1,2259,10346.22,557,4.58
Master,1,2260,10350.8,549,4.58
Master,1,2261,10355.380000000001,549,4.58
Master,1,2262,10359.960000000001,539,4.58
Master,1,2263,10364.54,547,4.58
Master,1,2264,10369.12,551,4.58
Master,1,2265,10373.7,551,4.58
Master,1,2266,10378.28,555,4.58
Master,1,2267,10382.86,550,4.58
Master,1,2268,10387.44,556,4.58
Master,1,2269,10392.02,566,4.58
Master,1,2270,10396.6,568,4.58
Master,1,2271,10401.18,581,4.58
Master,1,2272,10405.76,583,4.58
Master,1,2273,10410.34,584,4.58
Master,1,2274,10414.92,593,4.58
Master,1,2275,10419.5,591,4.58
Master,1,2276,10424.08,595,4.58
Master,1,2277,10428.66,590,4.58
Master,1,2278,10433.24,578,4.58
Master,1,2279,10437.82,581,4.58
Master,1,2280,10442.4,579,4.58
Master,1,2281,10446.98,582,4.58
Master,1,2282,10451.56,569,4.58
Master,1,2283,10456.14,563,4.58
Master,1,2284,10460.72,575,4.58
Master,1,2285,10465.3,567,4.58
Master,1,2286,10469.880000000001,580,4.58
Master,1,2287,10474.460000000001,576,4.58
Master,1,2288,10479.04,575,4.58
Master,1,2289,10483.62,580,4.58
Master,1,2290,10488.2,570,4.58
Master,1,2291,10492.78,561,4.58
Master,1,2292,10497.36,569,4.58
Master,1,2293,10501.94,570,4.58
Master,1,2294,10506.52,568,4.58
Master,1,2295,10511.1,577,4.58
Master,1,2296,10515.68,580,4.58
Master,1,2297,10520.26,591,4.58
Master,1,2298,10524.84,605,4.58
Master,1,2299,10529.42,600,4.58
Master,1,2300,10534.0,607,4.58
Master,1,2301,10538.58,611,4.58
Master,1,2302,10543.16,594,4.58
Master,1,2303,10547.74,592,4.58
Master,1,2304,10552.32,593,4.58
Master,1,2305,10556.9,588,4.58
Master,1,2306,10561.48,577,4.58
Master,1,2307,10566.06,568,4.58
Master,1,2308,10570.64,568,4.58
Master,1,2309,10575.22,561,4.58
Master,1,2310,10579.8,563,4.58
Master,1,2311,10584.380000000001,563,4.58
Master,1,2312,10588.960000000001,562,4.58
Master,1,2313,10593.54,564,4.58
Master,1,2314,10598.12,563,4.58
Master,1,2315,10602.7,559,4.58
Master,1,2316,10607.28,560,4.58
Master,1,2317,10611.86,555,4.58
Master,1,2318,10616.44,551,4.58
Master,1,2319,10621.02,565,4.58
Master,1,2320,10625.6,554,4.58
Master,1,2321,10630.18,565,4.58
Master,1,2322,10634.76,567,4.58
Master,1,2323,10639.34,562,4.58
Master,1,2324,10643.92,570,4.58
Master,1,2325,10648.5,575,4.58
Master,1,2326,10653.08,577,4.58
Master,1,2327,10657.66,582,4.58
Master,1,2328,10662.24,580,4.58
Master,1,2329,10666.82,581,4.58
Master,1,2330,10671.4,571,4.58
Master,1,2331,10675.98,564,4.58
Master,1,2332,10680.56,571,4.58
Master,1,2333,10685.14,567,4.58
Master,1,2334,10689.72,559,4.58
Master,1,2335,10694.3,543,4.58
Master,1,2336,10698.880000000001,544,4.58
Master,1,2337,10703.460000000001,545,4.58
Master,1,2338,10708.04,539,4.58
Master,1,2339,10712.62,542,4.58
Master,1,2340,10717.2,550,4.58
Master,1,2341,10721.78,556,4.58
Master,1,2342,10726.36,553,4.58
Master,1,2343,10730.94,557,4.58
Master,1,2344,10735.52,558,4.58
Master,1,2345,10740.1,553,4.58
Master,1,2346,10744.68,547,4.58
Master,1,2347,10749.26,543,4.58
Master,1,2348,10753.84,543,4.58
Master,1,2349,10758.42,540,4.58
Master,1,2350,10763.0,533,4.58
Master,1,2351,10767.58,540,4.58
Master,1,2352,10772.16,540,4.58
Master,1,2353,10776.74,549,4.58
Master,1,2354,10781.32,544,4.58
Master,1,2355,10785.9,540,4.58
Master,1,2356,10790.48,557,4.58
Master,1,2357,10795.06,563,4.58
Master,1,2358,10799.64,565,4.58
Master,1,2359,10804.22,562,4.58
Master,1,2360,10808.8,560,4.58
Master,1,2361,10813.380000000001,571,4.58
Master,1,2362,10817.960000000001,566,4.58
Master,1,2363,10822.54,556,4.58
Master,1,2364,10827.12,568,4.58
Master,1,2365,10831.7,568,4.58
Master,1,2366,10836.28,567,4.58
Master,1,2367,10840.86,571,4.58
Master,1,2368,10845.44,566,4.58
Master,1,2369,10850.02,577,4.58
Master,1,2370,10854.6,569,4.58
Master,1,2371,10859.18,558,4.58
Master,1,2372,10863.76,564,4.58
Master,1,2373,10868.34,571,4.58
Master,1,2374,10872.92,576,4.58
Master,1,2375,10877.5,580,4.58
Master,1,2376,10882.08,573,4.58
Master,1,2377,10886.66,587,4.58
Master,1,2378,10891.24,587,4.58
Master,1,2379,10895.82,583,4.58
Master,1,2380,10900.4,568,4.58
Master,1,2381,10904.98,572,4.58
Master,1,2382,10909.56,576,4.58
Master,1,2383,10914.14,573,4.58
Master,1,2384,10918.72,562,4.58
Master,1,2385,10923.3,556,4.58
Master,1,2386,10927.880000000001,547,4.58
Master,1,2387,10932.460000000001,548,4.58
Master,1,2388,10937.04,539,4.58
Master,1,2389,10941.62,536,4.58
Master,1,2390,10946.2,543,4.58
Master,1,2391,10950.78,543,4.58
Master,1,2392,10955.36,540,4.58
Master,1,2393,10959.94,540,4.58
Master,1,2394,10964.52,531,4.58
Master,1,2395,10969.1,530,4.58
Master,1,2396,10973.68,538,4.58
Master,1,2397,10978.26,532,4.58
Master,1,2398,10982.84,529,4.58
Master,1,2399,10987.42,526,4.58
Master,1,2400,10992.0,514,4.58
Master,1,2401,10996.58,521,4.58
Master,1,2402,11001.16,511,4.58
Master,1,2403,11005.74,502,4.58
Master,1,2404,11010.32,501,4.58
Master,1,2405,11014.9,505,4.58
Master,1,2406,11019.48,501,4.58
Master,1,2407,11024.06,494,4.58
Master,1,2408,11028.64,494,4.58
Master,1,2409,11033.22,496,4.58
Master,1,2410,11037.8,505,4.58
Master,1,2411,11042.380000000001,515,4.58
Master,1,2412,11046.960000000001,520,4.58
Master,1,2413,11051.54,524,4.58
Master,1,2414,11056.12,517,4.58
Master,1,2415,11060.7,530,4.58
Master,1,2416,11065.28,530,4.58
Master,1,2417,11069.86,548,4.58
Master,1,2418,11074.44,545,4.58
Master,1,2419,11079.02,546,4.58
Master,1,2420,11083.6,554,4.58
Master,1,2421,11088.18,548,4.58
Master,1,2422,11092.76,551,4.58
Master,1,2423,11097.34,551,4.58
Master,1,2424,11101.92,554,4.58
Master,1,2425,11106.5,565,4.58
Master,1,2426,11111.08,571,4.58
Master,1,2427,11115.66,583,4.58
Master,1,2428,11120.24,588,4.58
Master,1,2429,11124.82,596,4.58
Master,1,2430,11129.4,592,4.58
Master,1,2431,11133.98,589,4.58
Master,1,2432,11138.56,598,4.58
Master,1,2433,11143.14,595,4.58
Master,1,2434,11147.72,593,4.58
Master,1,2435,11152.3,597,4.58
Master,1,2436,11156.880000000001,591,4.58
Master,1,2437,11161.460000000001,596,4.58
Master,1,2438,11166.04,595,4.58
Master,1,2439,11170.62,595,4.58
Master,1,2440,11175.2,588,4.58
Master,1,2441,11179.78,592,4.58
Master,1,2442,11184.36,593,4.58
Master,1,2443,11188.94,583,4.58
Master,1,2444,11193.52,578,4.58
Master,1,2445,11198.1,574,4.58
Master,1,2446,11202.68,587,4.58
Master,1,2447,11207.26,576,4.58
Master,1,2448,11211.84,570,4.58
Master,1,2449,11216.42,581,4.58
Master,1,2450,11221.0,576,4.58
Master,1,2451,11225.58,572,4.58
Master,1,2452,11230.16,580,4.58
Master,1,2453,11234.74,575,4.58
Master,1,2454,11239.32,565,4.58
Master,1,2455,11243.9,564,4.58
Master,1,2456,11248.48,560,4.58
Master,1,2457,11253.06,561,4.58
Master,1,2458,11257.64,559,4.58
Master,1,2459,11262.22,558,4.58
Master,1,2460,11266.8,553,4.58
Master,1,2461,11271.380000000001,547,4.58
Master,1,2462,11275.960000000001,542,4.58
Master,1,2463,11280.54,542,4.58
Master,1,2464,11285.12,533,4.58
Master,1,2465,11289.7,531,4.58
Master,1,2466,11294.28,527,4.58
Master,1,2467,11298.86,533,4.58
Master,1,2468,11303.44,533,4.58
Master,1,2469,11308.02,535,4.58
Master,1,2470,11312.6,540,4.58
Master,1,2471,11317.18,534,4.58
Master,1,2472,11321.76,532,4.58
Master,1,2473,11326.34,524,4.58
Master,1,2474,11330.92,516,4.58
Master,1,2475,11335.5,520,4.58
Master,1,2476,11340.08,512,4.58
Master,1,2477,11344.66,528,4.58
Master,1,2478,11349.24,529,4.58
Master,1,2479,11353.82,544,4.58
Master,1,2480,11358.4,553,4.58
Master,1,2481,11362.98,552,4.58
Master,1,2482,11367.56,561,4.58
Master,1,2483,11372.14,557,4.58
Master,1,2484,11376.72,546,4.58
Master,1,2485,11381.3,564,4.58
Master,1,2486,11385.880000000001,567,4.58
Master,1,2487,11390.460000000001,576,4.58
Master,1,2488,11395.04,572,4.58
Master,1,2489,11399.62,576,4.58
Master,1,2490,11404.2,587,4.58
Master,1,2491,11408.78,582,4.58
Master,1,2492,11413.36,566,4.58
Master,1,2493,11417.94,576,4.58
Master,1,2494,11422.52,579,4.58
Master,1,2495,11427.1,591,4.58
Master,1,2496,11431.68,574,4.58
Master,1,2497,11436.26,579,4.58
Master,1,2498,11440.84,579,4.58
Master,1,2499,11445.42,572,4.58
Master,1,2500,11450.0,564,4.58
Master,1,2501,11454.58,573,4.58
Master,1,2502,11459.16,567,4.58
Master,1,2503,11463.74,566,4.58
Master,1,2504,11468.32,556,4.58
Master,1,2505,11472.9,553,4.58
Master,1,2506,11477.48,559,4.58
Master,1,2507,11482.06,551,4.58
Master,1,2508,11486.64,540,4.58
Master,1,2509,11491.22,545,4.58
Master,1,2510,11495.8,547,4.58
Master,1,2511,11500.380000000001,539,4.58
Master,1,2512,11504.960000000001,530,4.58
Master,1,2513,11509.54,540,4.58
Master,1,2514,11514.12,541,4.58
Master,1,2515,11518.7,539,4.58
Master,1,2516,11523.28,532,4.58
Master,1,2517,11527.86,540,4.58
Master,1,2518,11532.44,539,4.58
Master,1,2519,11537.02,534,4.58
Master,1,2520,11541.6,526,4.58
Master,1,2521,11546.18,529,4.58
Master,1,2522,11550.76,533,4.58
Master,1,2523,11555.34,533,4.58
Master,1,2524,11559.92,520,4.58
Master,1,2525,11564.5,520,4.58
Master,1,2526,11569.08,521,4.58
Master,1,2527,11573.66,517,4.58
Master,1,2528,11578.24,506,4.58
Master,1,2529,11582.82,500,4.58
Master,1,2530,11587.4,507,4.58
Master,1,2531,11591.98,509,4.58
Master,1,2532,11596.56,508,4.58
Master,1,2533,11601.14,524,4.58
Master,1,2534,11605.72,545,4.58
Master,1,2535,11610.3,551,4.58
Master,1,2536,11614.880000000001,552,4.58
Master,1,2537,11619.460000000001,575,4.58
Master,1,2538,11624.04,584,4.58
Master,1,2539,11628.62,599,4.58
Master,1,2540,11633.2,588,4.58
Master,1,2541,11637.78,584,4.58
Master,1,2542,11642.36,595,4.58
Master,1,2543,11646.94,590,4.58
Master,1,2544,11651.52,590,4.58
Master,1,2545,11656.1,588,4.58
Master,1,2546,11660.68,583,4.58
Master,1,2547,11665.26,597,4.58
Master,1,2548,11669.84,592,4.58
Master,1,2549,11674.42,596,4.58
Master,1,2550,11679.0,603,4.58
Master,1,2551,11683.58,610,4.58
Master,1,2552,11688.16,620,4.58
Master,1,2553,11692.74,613,4.58
Master,1,2554,11697.32,615,4.58
Master,1,2555,11701.9,628,4.58
Master,1,2556,11706.48,625,4.58
Master,1,2557,11711.06,618,4.58
Master,1,2558,11715.64,625,4.58
Master,1,2559,11720.22,620,4.58
Master,1,2560,11724.8,613,4.58
Master,1,2561,11729.380000000001,611,4.58
Master,1,2562,11733.960000000001,607,4.58
Master,1,2563,11738.54,611,4.58
Master,1,2564,11743.12,598,4.58
Master,1,2565,11747.7,600,4.58
Master,1,2566,11752.28,601,4.58
Master,1,2567,11756.86,603,4.58
Master,1,2568,11761.44,584,4.58
Master,1,2569,11766.02,589,4.58
Master,1,2570,11770.6,593,4.58
Master,1,2571,11775.18,592,4.58
Master,1,2572,11779.76,579,4.58
Master,1,2573,11784.34,568,4.58
Master,1,2574,11788.92,574,4.58
Master,1,2575,11793.5,571,4.58
Master,1,2576,11798.08,570,4.58
Master,1,2577,11802.66,568,4.58
Master,1,2578,11807.24,575,4.58
Master,1,2579,11811.82,587,4.58
Master,1,2580,11816.4,576,4.58
Master,1,2581,11820.98,572,4.58
Master,1,2582,11825.56,577,4.58
Master,1,2583,11830.14,577,4.58
Master,1,2584,11834.72,582,4.58
Master,1,2585,11839.300000000001,588,4.58
Master,1,2586,11843.880000000001,592,4.58
Master,1,2587,11848.460000000001,606,4.58
Master,1,2588,11853.04,601,4.58
Master,1,2589,11857.62,588,4.58
Master,1,2590,11862.2,609,4.58
Master,1,2591,11866.78,619,4.58
Master,1,2592,11871.36,627,4.58
Master,1,2593,11875.94,622,4.58
Master,1,2594,11880.52,619,4.58
Master,1,2595,11885.1,633,4.58
Master,1,2596,11889.68,619,4.58
Master,1,2597,11894.26,603,4.58
Master,1,2598,11898.84,606,4.58
Master,1,2599,11903.42,616,4.58
Master,1,2600,11908.0,605,4.58
Master,1,2601,11912.58,611,4.58
Master,1,2602,11917.16,614,4.58
Master,1,2603,11921.74,625,4.58
Master,1,2604,11926.32,618,4.58
Master,1,2605,11930.9,616,4.58
Master,1,2606,11935.48,624,4.58
Master,1,2607,11940.06,615,4.58
Master,1,2608,11944.64,606,4.58
Master,1,2609,11949.22,596,4.58
Master,1,2610,11953.800000000001,599,4.58
Master,1,2611,11958.380000000001,597,4.58
Master,1,2612,11962.960000000001,588,4.58
Master,1,2613,11967.54,580,4.58
Master,1,2614,11972.12,573,4.58
Master,1,2615,11976.7,572,4.58
Master,1,2616,11981.28,572,4.58
Master,1,2617,11985.86,579,4.58
Master,1,2618,11990.44,577,4.58
Master,1,2619,11995.02,590,4.58
Master,1,2620,11999.6,578,4.58
Master,1,2621,12004.18,569,4.58
Master,1,2622,12008.76,571,4.58
Master,1,2623,12013.34,570,4.58
Master,1,2624,12017.92,562,4.58
Master,1,2625,12022.5,564,4.58
Master,1,2626,12027.08,561,4.58
Master,1,2627,12031.66,559,4.58
Master,1,2628,12036.24,558,4.58
Master,1,2629,12040.82,552,4.58
Master,1,2630,12045.4,547,4.58
Master,1,2631,12049.98,547,4.58
Master,1,2632,12054.56,547,4.58
Master,1,2633,12059.14,544,4.58
Master,1,2634,12063.72,541,4.58
Master,1,2635,12068.300000000001,548,4.58
Master,1,2636,12072.880000000001,548,4.58
Master,1,2637,12077.460000000001,547,4.58
Master,1,2638,12082.04,555,4.58
Master,1,2639,12086.62,559,4.58
Master,1,2640,12091.2,568,4.58
Master,1,2641,12095.78,562,4.58
Master,1,2642,12100.36,555,4.58
Master,1,2643,12104.94,567,4.58
Master,1,2644,12109.52,559,4.58
Master,1,2645,12114.1,554,4.58
Master,1,2646,12118.68,557,4.58
Master,1,2647,12123.26,555,4.58
Master,1,2648,12127.84,558,4.58
Master,1,2649,12132.42,548,4.58
Master,1,2650,12137.0,540,4.58
Master,1,2651,12141.58,551,4.58
Master,1,2652,12146.16,547,4.58
Master,1,2653,12150.74,540,4.58
Master,1,2654,12155.32,553,4.58
Master,1,2655,12159.9,560,4.58
Master,1,2656,12164.48,552,4.58
Master,1,2657,12169.06,542,4.58
Master,1,2658,12173.64,547,4.58
Master,1,2659,12178.22,551,4.58
Master,1,2660,12182.800000000001,545,4.58
Master,1,2661,12187.380000000001,545,4.58
Master,1,2662,12191.960000000001,547,4.58
Master,1,2663,12196.54,545,4.58
Master,1,2664,12201.12,542,4.58
Master,1,2665,12205.7,541,4.58
Master,1,2666,12210.28,537,4.58
Master,1,2667,12214.86,542,4.58
Master,1,2668,12219.44,531,4.58
Master,1,2669,12224.02,525,4.58
Master,1,2670,12228.6,535,4.58
Master,1,2671,12233.18,535,4.58
Master,1,2672,12237.76,534,4.58
Master,1,2673,12242.34,524,4.58
Master,1,2674,12246.92,521,4.58
Master,1,2675,12251.5,531,4.58
Master,1,2676,12256.08,536,4.58
Master,1,2677,12260.66,536,4.58
Master,1,2678,12265.24,529,4.58
Master,1,2679,12269.82,529,4.58
Master,1,2680,12274.4,539,4.58
Master,1,2681,12278.98,530,4.58
Master,1,2682,12283.56,523,4.58
Master,1,2683,12288.14,518,4.58
Master,1,2684,12292.72,518,4.58
Master,1,2685,12297.300000000001,510,4.58
Master,1,2686,12301.880000000001,512,4.58
Master,1,2687,12306.460000000001,508,4.58
Master,1,2688,12311.04,497,4.58
Master,1,2689,12315.62,488,4.58
Master,1,2690,12320.2,496,4.58
Master,1,2691,12324.78,495,4.58
Master,1,2692,12329.36,491,4.58
Master,1,2693,12333.94,483,4.58
Master,1,2694,12338.52,483,4.58
Master,1,2695,12343.1,476,4.58
Master,1,2696,12347.68,489,4.58
Master,1,2697,12352.26,487,4.58
Master,1,2698,12356.84,487,4.58
Master,1,2699,12361.42,492,4.58
Master,1,2700,12366.0,497,4.58
Master,1,2701,12370.58,512,4.58
Master,1,2702,12375.16,513,4.58
Master,1,2703,12379.74,505,4.58
Master,1,2704,12384.32,492,4.58
Master,1,2705,12388.9,491,4.58
Master,1,2706,12393.48,491,4.58
Master,1,2707,12398.06,490,4.58
Master,1,2708,12402.64,492,4.58
Master,1,2709,12407.22,491,4.58
Master,1,2710,12411.800000000001,487,4.58
Master,1,2711,12416.380000000001,488,4.58
Master,1,2712,12420.960000000001,499,4.58
Master,1,2713,12425.54,507,4.58
Master,1,2714,12430.12,511,4.58
Master,1,2715,12434.7,510,4.58
Master,1,2716,12439.28,509,4.58
Master,1,2717,12443.86,521,4.58
Master,1,2718,12448.44,520,4.58
Master,1,2719,12453.02,516,4.58
Master,1,2720,12457.6,523,4.58
Master,1,2721,12462.18,521,4.58
Master,1,2722,12466.76,510,4.58
Master,1,2723,12471.34,508,4.58
Master,1,2724,12475.92,512,4.58
Master,1,2725,12480.5,515,4.58
Master,1,2726,12485.08,515,4.58
Master,1,2727,12489.66,508,4.58
Master,1,2728,12494.24,504,4.58
Master,1,2729,12498.82,499,4.58
Master,1,2730,12503.4,507,4.58
Master,1,2731,12507.98,519,4.58
Master,1,2732,12512.56,520,4.58
Master,1,2733,12517.14,529,4.58
Master,1,2734,12521.72,534,4.58
Master,1,2735,12526.300000000001,540,4.58
Master,1,2736,12530.880000000001,543,4.58
Master,1,2737,12535.460000000001,545,4.58
Master,1,2738,12540.04,539,4.58
Master,1,2739,12544.62,546,4.58
Master,1,2740,12549.2,554,4.58
Master,1,2741,12553.78,568,4.58
Master,1,2742,12558.36,569,4.58
Master,1,2743,12562.94,564,4.58
Master,1,2744,12567.52,562,4.58
Master,1,2745,12572.1,569,4.58
Master,1,2746,12576.68,567,4.58
Master,1,2747,12581.26,562,4.58
Master,1,2748,12585.84,568,4.58
Master,1,2749,12590.42,567,4.58
Master,1,2750,12595.0,559,4.58
Master,1,2751,12599.58,550,4.58
Master,1,2752,12604.16,556,4.58
Master,1,2753,12608.74,553,4.58
Master,1,2754,12613.32,546,4.58
Master,1,2755,12617.9,536,4.58
Master,1,2756,12622.48,545,4.58
Master,1,2757,12627.06,543,4.58
Master,1,2758,12631.64,532,4.58
Master,1,2759,12636.22,547,4.58
Master,1,2760,12640.800000000001,551,4.58
Master,1,2761,12645.380000000001,558,4.58
Master,1,2762,12649.960000000001,558,4.58
Master,1,2763,12654.54,557,4.58
Master,1,2764,12659.12,567,4.58
Master,1,2765,12663.7,558,4.58
Master,1,2766,12668.28,548,4.58
Master,1,2767,12672.86,568,4.58
Master,1,2768,12677.44,569,4.58
Master,1,2769,12682.02,577,4.58
Master,1,2770,12686.6,576,4.58
Master,1,2771,12691.18,580,4.58
Master,1,2772,12695.76,588,4.58
Master,1,2773,12700.34,594,4.58
Master,1,2774,12704.92,582,4.58
Master,1,2775,12709.5,585,4.58
Master,1,2776,12714.08,587,4.58
Master,1,2777,12718.66,595,4.58
Master,1,2778,12723.24,586,4.58
Master,1,2779,12727.82,584,4.58
Master,1,2780,12732.4,595,4.58
Master,1,2781,12736.98,595,4.58
Master,1,2782,12741.56,576,4.58
Master,1,2783,12746.14,577,4.58
Master,1,2784,12750.72,571,4.58
Master,1,2785,12755.300000000001,559,4.58
Master,1,2786,12759.880000000001,560,4.58
Master,1,2787,12764.460000000001,571,4.58
Master,1,2788,12769.04,575,4.58
Master,1,2789,12773.62,570,4.58
Master,1,2790,12778.2,572,4.58
Master,1,2791,12782.78,584,4.58
Master,1,2792,12787.36,587,4.58
Master,1,2793,12791.94,580,4.58
Master,1,2794,12796.52,577,4.58
Master,1,2795,12801.1,579,4.58
Master,1,2796,12805.68,591,4.58
Master,1,2797,12810.26,582,4.58
Master,1,2798,12814.84,585,4.58
Master,1,2799,12819.42,601,4.58
Master,1,2800,12824.0,611,4.58
Master,1,2801,12828.58,622,4.58
Master,1,2802,12833.16,612,4.58
Master,1,2803,12837.74,624,4.58
Master,1,2804,12842.32,641,4.58
Master,1,2805,12846.9,647,4.58
Master,1,2806,12851.48,647,4.58
Master,1,2807,12856.06,644,4.58
Master,1,2808,12860.64,652,4.58
Master,1,2809,12865.22,650,4.58
Master,1,2810,12869.800000000001,639,4.58
Master,1,2811,12874.380000000001,622,4.58
Master,1,2812,12878.960000000001,615,4.58
Master,1,2813,12883.54,609,4.58
Master,1,2814,12888.12,608,4.58
Master,1,2815,12892.7,609,4.58
Master,1,2816,12897.28,605,4.58
Master,1,2817,12901.86,590,4.58
Master,1,2818,12906.44,588,4.58
Master,1,2819,12911.02,587,4.58
Master,1,2820,12915.6,591,4.58
Master,1,2821,12920.18,582,4.58
Master,1,2822,12924.76,574,4.58
Master,1,2823,12929.34,571,4.58
Master,1,2824,12933.92,571,4.58
Master,1,2825,12938.5,576,4.58
Master,1,2826,12943.08,572,4.58
Master,1,2827,12947.66,577,4.58
Master,1,2828,12952.24,578,4.58
Master,1,2829,12956.82,580,4.58
Master,1,2830,12961.4,592,4.58
Master,1,2831,12965.98,593,4.58
Master,1,2832,12970.56,595,4.58
Master,1,2833,12975.14,594,4.58
Master,1,2834,12979.72,582,4.58
Master,1,2835,12984.300000000001,578,4.58
Master,1,2836,12988.880000000001,575,4.58
Master,1,2837,12993.460000000001,574,4.58
Master,1,2838,12998.04,573,4.58
Master,1,2839,13002.62,568,4.58
Master,1,2840,13007.2,569,4.58
Master,1,2841,13011.78,567,4.58
Master,1,2842,13016.36,562,4.58
Master,1,2843,13020.94,564,4.58
Master,1,2844,13025.52,563,4.58
Master,1,2845,13030.1,559,4.58
Master,1,2846,13034.68,564,4.58
Master,1,2847,13039.26,564,4.58
Master,1,2848,13043.84,561,4.58
Master,1,2849,13048.42,551,4.58
Master,1,2850,13053.0,550,4.58
Master,1,2851,13057.58,562,4.58
Master,1,2852,13062.16,571,4.58
Master,1,2853,13066.74,576,4.58
Master,1,2854,13071.32,572,4.58
Master,1,2855,13075.9,579,4.58
Master,1,2856,13080.48,579,4.58
Master,1,2857,13085.06,564,4.58
Master,1,2858,13089.64,558,4.58
Master,1,2859,13094.22,568,4.58
Master,1,2860,13098.800000000001,567,4.58
Master,1,2861,13103.380000000001,559,4.58
Master,1,2862,13107.960000000001,556,4.58
Master,1,2863,13112.54,561,4.58
Master,1,2864,13117.12,560,4.58
Master,1,2865,13121.7,554,4.58
Master,1,2866,13126.28,546,4.58
Master,1,2867,13130.86,553,4.58
Master,1,2868,13135.44,552,4.58
Master,1,2869,13140.02,548,4.58
Master,1,2870,13144.6,546,4.58
Master,1,2871,13149.18,552,4.58
Master,1,2872,13153.76,555,4.58
Master,1,2873,13158.34,563,4.58
Master,1,2874,13162.92,558,4.58
Master,1,2875,13167.5,565,4.58
Master,1,2876,13172.08,583,4.58
Master,1,2877,13176.66,575,4.58
Master,1,2878,13181.24,566,4.58
Master,1,2879,13185.82,578,4.58
Master,1,2880,13190.4,573,4.58
Master,1,2881,13194.98,571,4.58
Master,1,2882,13199.56,577,4.58
Master,1,2883,13204.14,573,4.58
Master,1,2884,13208.72,585,4.58
Master,1,2885,13213.300000000001,572,4.58
Master,1,2886,13217.880000000001,566,4.58
Master,1,2887,13222.460000000001,571,4.58
Master,1,2888,13227.04,567,4.58
Master,1,2889,13231.62,570,4.58
Master,1,2890,13236.2,566,4.58
Master,1,2891,13240.78,560,4.58
Master,1,2892,13245.36,569,4.58
Master,1,2893,13249.94,560,4.58
Master,1,2894,13254.52,555,4.58
Master,1,2895,13259.1,562,4.58
Master,1,2896,13263.68,563,4.58
Master,1,2897,13268.26,551,4.58
Master,1,2898,13272.84,562,4.58
Master,1,2899,13277.42,568,4.58
Master,1,2900,13282.0,576,4.58
Master,1,2901,13286.58,588,4.58
Master,1,2902,13291.16,584,4.58
Master,1,2903,13295.74,587,4.58
Master,1,2904,13300.32,577,4.58
Master,1,2905,13304.9,568,4.58
Master,1,2906,13309.48,575,4.58
Master,1,2907,13314.06,571,4.58
Master,1,2908,13318.64,576,4.58
Master,1,2909,13323.22,577,4.58
Master,1,2910,13327.800000000001,558,4.58
Master,1,2911,13332.380000000001,568,4.58
Master,1,2912,13336.960000000001,561,4.58
Master,1,2913,13341.54,561,4.58
Master,1,2914,13346.12,555,4.58
Master,1,2915,13350.7,554,4.58
Master,1,2916,13355.28,568,4.58
Master,1,2917,13359.86,563,4.58
Master,1,2918,13364.44,559,4.58
Master,1,2919,13369.02,561,4.58
Master,1,2920,13373.6,568,4.58
Master,1,2921,13378.18,563,4.58
Master,1,2922,13382.76,555,4.58
Master,1,2923,13387.34,548,4.58
Master,1,2924,13391.92,565,4.58
Master,1,2925,13396.5,563,4.58
Master,1,2926,13401.08,552,4.58
Master,1,2927,13405.66,564,4.58
Master,1,2928,13410.24,571,4.58
Master,1,2929,13414.82,559,4.58
Master,1,2930,13419.4,566,4.58
Master,1,2931,13423.98,579,4.58
Master,1,2932,13428.56,583,4.58
Master,1,2933,13433.14,584,4.58
Master,1,2934,13437.72,578,4.58
Master,1,2935,13442.300000000001,589,4.58
Master,1,2936,13446.880000000001,592,4.58
Master,1,2937,13451.460000000001,599,4.58
Master,1,2938,13456.04,588,4.58
Master,1,2939,13460.62,588,4.58
Master,1,2940,13465.2,587,4.58
Master,1,2941,13469.78,579,4.58
Master,1,2942,13474.36,580,4.58
Master,1,2943,13478.94,574,4.58
Master,1,2944,13483.52,573,4.58
Master,1,2945,13488.1,571,4.58
Master,1,2946,13492.68,575,4.58
Master,1,2947,13497.26,574,4.58
Master,1,2948,13501.84,564,4.58
Master,1,2949,13506.42,563,4.58
Master,1,2950,13511.0,569,4.58
Master,1,2951,13515.58,564,4.58
Master,1,2952,13520.16,552,4.58
Master,1,2953,13524.74,552,4.58
Master,1,2954,13529.32,551,4.58
Master,1,2955,13533.9,551,4.58
Master,1,2956,13538.48,546,4.58
Master,1,2957,13543.06,548,4.58
Master,1,2958,13547.64,544,4.58
Master,1,2959,13552.22,538,4.58
Master,1,2960,13556.800000000001,526,4.58
Master,1,2961,13561.380000000001,524,4.58
Master,1,2962,13565.960000000001,525,4.58
Master,1,2963,13570.54,530,4.58
Master,1,2964,13575.12,526,4.58
Master,1,2965,13579.7,536,4.58
Master,1,2966,13584.28,544,4.58
Master,1,2967,13588.86,546,4.58
Master,1,2968,13593.44,535,4.58
Master,1,2969,13598.02,536,4.58
Master,1,2970,13602.6,529,4.58
Master,1,2971,13607.18,525,4.58
Master,1,2972,13611.76,526,4.58
Master,1,2973,13616.34,522,4.58
Master,1,2974,13620.92,517,4.58
Master,1,2975,13625.5,528,4.58
Master,1,2976,13630.08,535,4.58
Master,1,2977,13634.66,535,4.58
Master,1,2978,13639.24,540,4.58
Master,1,2979,13643.82,545,4.58
Master,1,2980,13648.4,541,4.58
Master,1,2981,13652.98,540,4.58
Master,1,2982,13657.56,536,4.58
Master,1,2983,13662.14,531,4.58
Master,1,2984,13666.72,523,4.58
Master,1,2985,13671.300000000001,515,4.58
Master,1,2986,13675.880000000001,512,4.58
Master,1,2987,13680.460000000001,513,4.58
Master,1,2988,13685.04,517,4.58
Master,1,2989,13689.62,510,4.58
Master,1,2990,13694.2,525,4.58
Master,1,2991,13698.78,529,4.58
Master,1,2992,13703.36,534,4.58
Master,1,2993,13707.94,532,4.58
Master,1,2994,13712.52,528,4.58
Master,1,2995,13717.1,531,4.58
Master,1,2996,13721.68,522,4.58
Master,1,2997,13726.26,524,4.58
Master,1,2998,13730.84,532,4.58
Master,1,2999,13735.42,539,4.58
Master,1,3000,13740.0,542,4.58
Master,1,3001,13744.58,526,4.58
Master,1,3002,13749.16,536,4.58
Master,1,3003,13753.74,539,4.58
Master,1,3004,13758.32,530,4.58
Master,1,3005,13762.9,536,4.58
Master,1,3006,13767.48,541,4.58
Master,1,3007,13772.06,545,4.58
Master,1,3008,13776.64,540,4.58
Master,1,3009,13781.22,536,4.58
Master,1,3010,13785.800000000001,528,4.58
Master,1,3011,13790.380000000001,519,4.58
Master,1,3012,13794.960000000001,522,4.58
Master,1,3013,13799.54,525,4.58
Master,1,3014,13804.12,519,4.58
Master,1,3015,13808.7,532,4.58
Master,1,3016,13813.28,536,4.58
Master,1,3017,13817.86,537,4.58
Master,1,3018,13822.44,544,4.58
Master,1,3019,13827.02,547,4.58
Master,1,3020,13831.6,546,4.58
Master,1,3021,13836.18,554,4.58
Master,1,3022,13840.76,547,4.58
Master,1,3023,13845.34,539,4.58
Master,1,3024,13849.92,543,4.58
Master,1,3025,13854.5,548,4.58
Master,1,3026,13859.08,537,4.58
Master,1,3027,13863.66,532,4.58
Master,1,3028,13868.24,533,4.58
Master,1,3029,13872.82,528,4.58
Master,1,3030,13877.4,521,4.58
Master,1,3031,13881.98,523,4.58
Master,1,3032,13886.56,519,4.58
Master,1,3033,13891.14,514,4.58
Master,1,3034,13895.72,516,4.58
Master,1,3035,13900.300000000001,519,4.58
Master,1,3036,13904.880000000001,527,4.58
Master,1,3037,13909.460000000001,514,4.58
Master,1,3038,13914.04,513,4.58
Master,1,3039,13918.62,525,4.58
Master,1,3040,13923.2,524,4.58
Master,1,3041,13927.78,525,4.58
Master,1,3042,13932.36,523,4.58
Master,1,3043,13936.94,518,4.58
Master,1,3044,13941.52,518,4.58
Master,1,3045,13946.1,513,4.58
Master,1,3046,13950.68,519,4.58
Master,1,3047,13955.26,532,4.58
Master,1,3048,13959.84,530,4.58
Master,1,3049,13964.42,527,4.58
Master,1,3050,13969.0,531,4.58
Master,1,3051,13973.58,540,4.58
Master,1,3052,13978.16,551,4.58
Master,1,3053,13982.74,554,4.58
Master,1,3054,13987.32,544,4.58
Master,1,3055,13991.9,564,4.58
Master,1,3056,13996.48,563,4.58
Master,1,3057,14001.06,563,4.58
Master,1,3058,14005.64,564,4.58
Master,1,3059,14010.22,564,4.58
Master,1,3060,14014.800000000001,568,4.58
Master,1,3061,14019.380000000001,563,4.58
Master,1,3062,14023.960000000001,557,4.58
Master,1,3063,14028.54,556,4.58
Master,1,3064,14033.12,563,4.58
Master,1,3065,14037.7,561,4.58
Master,1,3066,14042.28,551,4.58
Master,1,3067,14046.86,551,4.58
Master,1,3068,14051.44,548,4.58
Master,1,3069,14056.02,544,4.58
Master,1,3070,14060.6,539,4.58
Master,1,3071,14065.18,535,4.58