Device,Run,SampleIndex,Timestamp_us,ADC_Value,Avg_Time_us
Master,1,306,1401.48,592,4.58
Master,1,307,1406.06,595,4.58
Master,1,308,1410.64,589,4.58
Master,1,309,1415.22,595,4.58
Master,1,310,1419.8,582,4.58
Master,1,311,1424.38,584,4.58
Master,1,312,1428.96,576,4.58
Master,1,313,1433.54,574,4.58
Master,1,314,1438.1200000000001,568,4.58
Master,1,315,1442.7,568,4.58
Master,1,316,1447.28,565,4.58
Master,1,317,1451.8600000000001,559,4.58
Master,1,318,1456.44,554,4.58
Master,1,319,1461.02,569,4.58
Master,1,320,1465.6,571,4.58
Master,1,321,1470.18,567,4.58
Master,1,322,1474.76,558,4.58
Master,1,323,1479.34,577,4.58
Master,1,324,1483.92,591,4.58
Master,1,325,1488.5,610,4.58
Master,1,326,1493.08,646,4.58
Master,1,327,1497.66,648,4.58
Master,1,328,1502.24,672,4.58
Master,1,329,1506.82,695,4.58
Master,1,330,1511.4,722,4.58
Master,1,331,1515.98,760,4.58
Master,1,332,1520.56,819,4.58
Master,1,333,1525.14,867,4.58
Master,1,334,1529.72,926,4.58
Master,1,335,1534.3,992,4.58
Master,1,336,1538.88,1057,4.58
Master,1,337,1543.46,1119,4.58
Master,1,338,1548.04,1180,4.58
Master,1,339,1552.6200000000001,1256,4.58
Master,1,340,1557.2,1305,4.58
Master,1,341,1561.78,1377,4.58
Master,1,342,1566.3600000000001,1418,4.58
Master,1,343,1570.94,1480,4.58
Master,1,344,1575.52,1539,4.58
Master,1,345,1580.1000000000001,1583,4.58
Master,1,346,1584.68,1633,4.58
Master,1,347,1589.26,1667,4.58
Master,1,348,1593.84,1711,4.58
Master,1,349,1598.42,1736,4.58
Master,1,350,1603.0,1772,4.58
Master,1,351,1607.58,1785,4.58
Master,1,352,1612.16,1801,4.58
Master,1,353,1616.74,1806,4.58
Master,1,354,1621.32,1822,4.58
Master,1,355,1625.9,1832,4.58
Master,1,356,1630.48,1865,4.58
Master,1,357,1635.06,1879,4.58
Master,1,358,1639.64,1903,4.58
Master,1,359,1644.22,1928,4.58
Master,1,360,1648.8,1955,4.58
Master,1,361,1653.38,1987,4.58
Master,1,362,1657.96,1996,4.58
Master,1,363,1662.54,2028,4.58
Master,1,364,1667.1200000000001,2033,4.58
Master,1,365,1671.7,2051,4.58
Master,1,366,1676.28,2063,4.58
Master,1,367,1680.8600000000001,2056,4.58
Master,1,368,1685.44,2064,4.58
Master,1,369,1690.02,2049,4.58
Master,1,370,1694.6000000000001,2023,4.58
Master,1,371,1699.18,2024,4.58
Master,1,372,1703.76,2009,4.58
Master,1,373,1708.34,2023,4.58
Master,1,374,1712.92,2015,4.58
Master,1,375,1717.5,2036,4.58
Master,1,376,1722.08,2051,4.58
Master,1,377,1726.66,2051,4.58
Master,1,378,1731.24,2068,4.58
Master,1,379,1735.82,2072,4.58
Master,1,380,1740.4,2083,4.58
Master,1,381,1744.98,2092,4.58
Master,1,382,1749.56,2076,4.58
Master,1,383,1754.14,2087,4.58
Master,1,384,1758.72,2067,4.58
Master,1,385,1763.3,2054,4.58
Master,1,386,1767.88,2030,4.58
Master,1,387,1772.46,2012,4.58
Master,1,388,1777.04,2012,4.58
Master,1,389,1781.6200000000001,2017,4.58
Master,1,390,1786.2,2015,4.58
Master,1,391,1790.78,2024,4.58
Master,1,392,1795.3600000000001,2019,4.58
Master,1,393,1799.94,2035,4.58
Master,1,394,1804.52,2028,4.58
Master,1,395,1809.1000000000001,2040,4.58
Master,1,396,1813.68,2049,4.58
Master,1,397,1818.26,2041,4.58
Master,1,398,1822.84,2039,4.58
Master,1,399,1827.42,2023,4.58
Master,1,400,1832.0,1999,4.58
Master,1,401,1836.58,1987,4.58
Master,1,402,1841.16,1967,4.58
Master,1,403,1845.74,1975,4.58
Master,1,404,1850.32,1967,4.58
Master,1,405,1854.9,1975,4.58
Master,1,406,1859.48,1988,4.58
Master,1,407,1864.06,1982,4.58
Master,1,408,1868.64,2000,4.58
Master,1,409,1873.22,2001,4.58
Master,1,410,1877.8,2009,4.58
Master,1,411,1882.38,2024,4.58
Master,1,412,1886.96,2007,4.58
Master,1,413,1891.54,2015,4.58
Master,1,414,1896.1200000000001,1996,4.58
Master,1,415,1900.7,1968,4.58
Master,1,416,1905.28,1911,4.58
Master,1,417,1909.8600000000001,1903,4.58
Master,1,418,1914.44,1916,4.58
Master,1,419,1919.02,1912,4.58
Master,1,420,1923.6000000000001,1923,4.58
Master,1,421,1928.18,1935,4.58
Master,1,422,1932.76,1932,4.58
Master,1,423,1937.34,1948,4.58
Master,1,424,1941.92,1953,4.58
Master,1,425,1946.5,1959,4.58
Master,1,426,1951.08,1976,4.58
Master,1,427,1955.66,1968,4.58
Master,1,428,1960.24,1975,4.58
Master,1,429,1964.82,1959,4.58
Master,1,430,1969.4,1952,4.58
Master,1,431,1973.98,1923,4.58
Master,1,432,1978.56,1902,4.58
Master,1,433,1983.14,1904,4.58
Master,1,434,1987.72,1889,4.58
Master,1,435,1992.3,1903,4.58
Master,1,436,1996.88,1911,4.58
Master,1,437,2001.46,1902,4.58
Master,1,438,2006.04,1917,4.58
Master,1,439,2010.6200000000001,1915,4.58
Master,1,440,2015.2,1927,4.58
Master,1,441,2019.78,1932,4.58
Master,1,442,2024.3600000000001,1923,4.58
Master,1,443,2028.94,1927,4.58
Master,1,444,2033.52,1912,4.58
Master,1,445,2038.1000000000001,1896,4.58
Master,1,446,2042.68,1864,4.58
Master,1,447,2047.26,1841,4.58
Master,1,448,2051.84,1847,4.58
Master,1,449,2056.42,1844,4.58
Master,1,450,2061.0,1855,4.58
Master,1,451,2065.58,1875,4.58
Master,1,452,2070.16,1870,4.58
Master,1,453,2074.7400000000002,1889,4.58
Master,1,454,2079.32,1891,4.58
Master,1,455,2083.9,1902,4.58
Master,1,456,2088.48,1916,4.58
Master,1,457,2093.06,1904,4.58
Master,1,458,2097.64,1907,4.58
Master,1,459,2102.2200000000003,1911,4.58
Master,1,460,2106.8,1886,4.58
Master,1,461,2111.38,1878,4.58
Master,1,462,2115.96,1880,4.58
Master,1,463,2120.54,1879,4.58
Master,1,464,2125.12,1871,4.58
Master,1,465,2129.7,1884,4.58
Master,1,466,2134.28,1889,4.58
Master,1,467,2138.86,1894,4.58
Master,1,468,2143.44,1912,4.58
Master,1,469,2148.02,1907,4.58
Master,1,470,2152.6,1921,4.58
Master,1,471,2157.18,1916,4.58
Master,1,472,2161.76,1916,4.58
Master,1,473,2166.34,1919,4.58
Master,1,474,2170.92,1899,4.58
Master,1,475,2175.5,1884,4.58
Master,1,476,2180.08,1873,4.58
Master,1,477,2184.66,1863,4.58
Master,1,478,2189.2400000000002,1862,4.58
Master,1,479,2193.82,1844,4.58
Master,1,480,2198.4,1853,4.58
Master,1,481,2202.98,1859,4.58
Master,1,482,2207.56,1863,4.58
Master,1,483,2212.14,1880,4.58
Master,1,484,2216.7200000000003,1872,4.58
Master,1,485,2221.3,1879,4.58
Master,1,486,2225.88,1879,4.58
Master,1,487,2230.46,1868,4.58
Master,1,488,2235.04,1872,4.58
Master,1,489,2239.62,1831,4.58
Master,1,490,2244.2,1790,4.58
Master,1,491,2248.78,1768,4.58
Master,1,492,2253.36,1771,4.58
Master,1,493,2257.94,1779,4.58
Master,1,494,2262.52,1774,4.58
Master,1,495,2267.1,1792,4.58
Master,1,496,2271.68,1793,4.58
Master,1,497,2276.26,1799,4.58
Master,1,498,2280.84,1826,4.58
Master,1,499,2285.42,1820,4.58
Master,1,500,2290.0,1840,4.58
Master,1,501,2294.58,1839,4.58
Master,1,502,2299.16,1838,4.58
Master,1,503,2303.7400000000002,1852,4.58
Master,1,504,2308.32,1832,4.58
Master,1,505,2312.9,1811,4.58
Master,1,506,2317.48,1798,4.58
Master,1,507,2322.06,1804,4.58
Master,1,508,2326.64,1801,4.58
Master,1,509,2331.2200000000003,1799,4.58
Master,1,510,2335.8,1818,4.58
Master,1,511,2340.38,1812,4.58
Master,1,512,2344.96,1825,4.58
Master,1,513,2349.54,1839,4.58
Master,1,514,2354.12,1831,4.58
Master,1,515,2358.7,1848,4.58
Master,1,516,2363.28,1844,4.58
Master,1,517,2367.86,1849,4.58
Master,1,518,2372.44,1847,4.58
Master,1,519,2377.02,1831,4.58
Master,1,520,2381.6,1820,4.58
Master,1,521,2386.18,1777,4.58
Master,1,522,2390.76,1767,4.58
Master,1,523,2395.34,1759,4.58
Master,1,524,2399.92,1760,4.58
Master,1,525,2404.5,1775,4.58
Master,1,526,2409.08,1770,4.58
Master,1,527,2413.66,1780,4.58
Master,1,528,2418.2400000000002,1792,4.58
Master,1,529,2422.82,1785,4.58
Master,1,530,2427.4,1795,4.58
Master,1,531,2431.98,1788,4.58
Master,1,532,2436.56,1785,4.58
Master,1,533,2441.14,1783,4.58
Master,1,534,2445.7200000000003,1750,4.58
Master,1,535,2450.3,1712,4.58
Master,1,536,2454.88,1687,4.58
Master,1,537,2459.46,1695,4.58
Master,1,538,2464.04,1704,4.58
Master,1,539,2468.62,1703,4.58
Master,1,540,2473.2,1725,4.58
Master,1,541,2477.78,1729,4.58
Master,1,542,2482.36,1751,4.58
Master,1,543,2486.94,1758,4.58
Master,1,544,2491.52,1756,4.58
Master,1,545,2496.1,1779,4.58
Master,1,546,2500.68,1771,4.58
Master,1,547,2505.26,1774,4.58
Master,1,548,2509.84,1780,4.58
Master,1,549,2514.42,1760,4.58
Master,1,550,2519.0,1747,4.58
Master,1,551,2523.58,1743,4.58
Master,1,552,2528.16,1748,4.58
Master,1,553,2532.7400000000002,1736,4.58
Master,1,554,2537.32,1735,4.58
Master,1,555,2541.9,1743,4.58
Master,1,556,2546.48,1744,4.58
Master,1,557,2551.06,1761,4.58
Master,1,558,2555.64,1766,4.58
Master,1,559,2560.2200000000003,1768,4.58
Master,1,560,2564.8,1777,4.58
Master,1,561,2569.38,1767,4.58
Master,1,562,2573.96,1770,4.58
Master,1,563,2578.54,1756,4.58
Master,1,564,2583.12,1744,4.58
Master,1,565,2587.7,1713,4.58
Master,1,566,2592.28,1679,4.58
Master,1,567,2596.86,1679,4.58
Master,1,568,2601.44,1680,4.58
Master,1,569,2606.02,1673,4.58
Master,1,570,2610.6,1687,4.58
Master,1,571,2615.18,1683,4.58
Master,1,572,2619.76,1692,4.58
Master,1,573,2624.34,1712,4.58
Master,1,574,2628.92,1705,4.58
Master,1,575,2633.5,1719,4.58
Master,1,576,2638.08,1708,4.58
Master,1,577,2642.66,1712,4.58
Master,1,578,2647.2400000000002,1703,4.58
Master,1,579,2651.82,1678,4.58
Master,1,580,2656.4,1652,4.58
Master,1,581,2660.98,1649,4.58
Master,1,582,2665.56,1655,4.58
Master,1,583,2670.14,1654,4.58
Master,1,584,2674.7200000000003,1663,4.58
Master,1,585,2679.3,1683,4.58
Master,1,586,2683.88,1679,4.58
Master,1,587,2688.46,1703,4.58
Master,1,588,2693.04,1708,4.58
Master,1,589,2697.62,1712,4.58
Master,1,590,2702.2,1729,4.58
Master,1,591,2706.78,1719,4.58
Master,1,592,2711.36,1731,4.58
Master,1,593,2715.94,1726,4.58
Master,1,594,2720.52,1708,4.58
Master,1,595,2725.1,1695,4.58
Master,1,596,2729.68,1678,4.58
Master,1,597,2734.26,1688,4.58
Master,1,598,2738.84,1671,4.58
Master,1,599,2743.42,1679,4.58
Master,1,600,2748.0,1692,4.58
Master,1,601,2752.58,1681,4.58
Master,1,602,2757.16,1699,4.58
Master,1,603,2761.7400000000002,1687,4.58
Master,1,604,2766.32,1692,4.58
Master,1,605,2770.9,1704,4.58
Master,1,606,2775.48,1689,4.58
Master,1,607,2780.06,1695,4.58
Master,1,608,2784.64,1671,4.58
Master,1,609,2789.2200000000003,1658,4.58
Master,1,610,2793.8,1626,4.58
Master,1,611,2798.38,1606,4.58
Master,1,612,2802.96,1612,4.58
Master,1,613,2807.54,1606,4.58
Master,1,614,2812.12,1620,4.58
Master,1,615,2816.7,1628,4.58
Master,1,616,2821.28,1628,4.58
Master,1,617,2825.86,1641,4.58
Master,1,618,2830.44,1640,4.58
Master,1,619,2835.02,1647,4.58
Master,1,620,2839.6,1655,4.58
Master,1,621,2844.18,1639,4.58
Master,1,622,2848.76,1639,4.58
Master,1,623,2853.34,1638,4.58
Master,1,624,2857.92,1620,4.58
Master,1,625,2862.5,1601,4.58
Master,1,626,2867.08,1603,4.58
Master,1,627,2871.66,1612,4.58
Master,1,628,2876.2400000000002,1608,4.58
Master,1,629,2880.82,1623,4.58
Master,1,630,2885.4,1635,4.58
Master,1,631,2889.98,1630,4.58
Master,1,632,2894.56,1656,4.58
Master,1,633,2899.14,1651,4.58
Master,1,634,2903.7200000000003,1667,4.58
Master,1,635,2908.3,1671,4.58
Master,1,636,2912.88,1668,4.58
Master,1,637,2917.46,1673,4.58
Master,1,638,2922.04,1655,4.58
Master,1,639,2926.62,1647,4.58
Master,1,640,2931.2,1640,4.58
Master,1,641,2935.78,1635,4.58
Master,1,642,2940.36,1615,4.58
Master,1,643,2944.94,1608,4.58
Master,1,644,2949.52,1616,4.58
Master,1,645,2954.1,1607,4.58
Master,1,646,2958.68,1616,4.58
Master,1,647,2963.26,1623,4.58
Master,1,648,2967.84,1614,4.58
Master,1,649,2972.42,1624,4.58
Master,1,650,2977.0,1623,4.58
Master,1,651,2981.58,1615,4.58
Master,1,652,2986.16,1620,4.58
Master,1,653,2990.7400000000002,1593,4.58
Master,1,654,2995.32,1559,4.58
Master,1,655,2999.9,1535,4.58
Master,1,656,3004.48,1524,4.58
Master,1,657,3009.06,1540,4.58
Master,1,658,3013.64,1531,4.58
Master,1,659,3018.2200000000003,1543,4.58
Master,1,660,3022.8,1550,4.58
Master,1,661,3027.38,1553,4.58
Master,1,662,3031.96,1569,4.58
Master,1,663,3036.54,1566,4.58
Master,1,664,3041.12,1576,4.58
Master,1,665,3045.7000000000003,1587,4.58
Master,1,666,3050.28,1575,4.58
Master,1,667,3054.86,1582,4.58
Master,1,668,3059.44,1585,4.58
Master,1,669,3064.02,1555,4.58
Master,1,670,3068.6,1551,4.58
Master,1,671,3073.18,1564,4.58
Master,1,672,3077.76,1569,4.58
Master,1,673,3082.34,1565,4.58
Master,1,674,3086.92,1580,4.58
Master,1,675,3091.5,1576,4.58
Master,1,676,3096.08,1592,4.58
Master,1,677,3100.66,1607,4.58
Master,1,678,3105.2400000000002,1598,4.58
Master,1,679,3109.82,1616,4.58
Master,1,680,3114.4,1619,4.58
Master,1,681,3118.98,1615,4.58
Master,1,682,3123.56,1628,4.58
Master,1,683,3128.14,1608,4.58
Master,1,684,3132.7200000000003,1607,4.58
Master,1,685,3137.3,1598,4.58
Master,1,686,3141.88,1584,4.58
Master,1,687,3146.46,1560,4.58
Master,1,688,3151.04,1559,4.58
Master,1,689,3155.62,1567,4.58
Master,1,690,3160.2000000000003,1551,4.58
Master,1,691,3164.78,1568,4.58
Master,1,692,3169.36,1569,4.58
Master,1,693,3173.94,1569,4.58
Master,1,694,3178.52,1575,4.58
Master,1,695,3183.1,1560,4.58
Master,1,696,3187.68,1568,4.58
Master,1,697,3192.26,1559,4.58
Master,1,698,3196.84,1524,4.58
Master,1,699,3201.42,1488,4.58
Master,1,700,3206.0,1459,4.58
Master,1,701,3210.58,1463,4.58
Master,1,702,3215.16,1468,4.58
Master,1,703,3219.7400000000002,1469,4.58
Master,1,704,3224.32,1489,4.58
Master,1,705,3228.9,1487,4.58
Master,1,706,3233.48,1502,4.58
Master,1,707,3238.06,1520,4.58
Master,1,708,3242.64,1515,4.58
Master,1,709,3247.2200000000003,1534,4.58
Master,1,710,3251.8,1534,4.58
Master,1,711,3256.38,1536,4.58
Master,1,712,3260.96,1539,4.58
Master,1,713,3265.54,1543,4.58
Master,1,714,3270.12,1524,4.58
Master,1,715,3274.7000000000003,1529,4.58
Master,1,716,3279.28,1539,4.58
Master,1,717,3283.86,1527,4.58
Master,1,718,3288.44,1532,4.58
Master,1,719,3293.02,1552,4.58
Master,1,720,3297.6,1552,4.58
Master,1,721,3302.18,1566,4.58
Master,1,722,3306.76,1564,4.58
Master,1,723,3311.34,1571,4.58
Master,1,724,3315.92,1591,4.58
Master,1,725,3320.5,1577,4.58
Master,1,726,3325.08,1587,4.58
Master,1,727,3329.66,1591,4.58
Master,1,728,3334.2400000000002,1567,4.58
Master,1,729,3338.82,1564,4.58
Master,1,730,3343.4,1555,4.58
Master,1,731,3347.98,1547,4.58
Master,1,732,3352.56,1519,4.58
Master,1,733,3357.14,1518,4.58
Master,1,734,3361.7200000000003,1528,4.58
Master,1,735,3366.3,1520,4.58
Master,1,736,3370.88,1527,4.58
Master,1,737,3375.46,1528,4.58
Master,1,738,3380.04,1528,4.58
Master,1,739,3384.62,1535,4.58
Master,1,740,3389.2000000000003,1518,4.58
Master,1,741,3393.78,1513,4.58
Master,1,742,3398.36,1505,4.58
Master,1,743,3402.94,1479,4.58
Master,1,744,3407.52,1463,4.58
Master,1,745,3412.1,1448,4.58
Master,1,746,3416.68,1459,4.58
Master,1,747,3421.26,1463,4.58
Master,1,748,3425.84,1466,4.58
Master,1,749,3430.42,1482,4.58
Master,1,750,3435.0,1481,4.58
Master,1,751,3439.58,1497,4.58
Master,1,752,3444.16,1507,4.58
Master,1,753,3448.7400000000002,1503,4.58
Master,1,754,3453.32,1518,4.58
Master,1,755,3457.9,1513,4.58
Master,1,756,3462.48,1521,4.58
Master,1,757,3467.06,1527,4.58
Master,1,758,3471.64,1508,4.58
Master,1,759,3476.2200000000003,1501,4.58
Master,1,760,3480.8,1511,4.58
Master,1,761,3485.38,1518,4.58
Master,1,762,3489.96,1512,4.58
Master,1,763,3494.54,1523,4.58
Master,1,764,3499.12,1527,4.58
Master,1,765,3503.7000000000003,1526,4.58
Master,1,766,3508.28,1544,4.58
Master,1,767,3512.86,1536,4.58
Master,1,768,3517.44,1547,4.58
Master,1,769,3522.02,1551,4.58
Master,1,770,3526.6,1540,4.58
Master,1,771,3531.18,1553,4.58
Master,1,772,3535.76,1535,4.58
Master,1,773,3540.34,1520,4.58
Master,1,774,3544.92,1505,4.58
Master,1,775,3549.5,1470,4.58
Master,1,776,3554.08,1460,4.58
Master,1,777,3558.66,1436,4.58
Master,1,778,3563.2400000000002,1443,4.58
Master,1,779,3567.82,1451,4.58
Master,1,780,3572.4,1438,4.58
Master,1,781,3576.98,1454,4.58
Master,1,782,3581.56,1448,4.58
Master,1,783,3586.14,1447,4.58
Master,1,784,3590.7200000000003,1454,4.58
Master,1,785,3595.3,1428,4.58
Master,1,786,3599.88,1420,4.58
Master,1,787,3604.46,1411,4.58
Master,1,788,3609.04,1407,4.58
Master,1,789,3613.62,1391,4.58
Master,1,790,3618.2000000000003,1390,4.58
Master,1,791,3622.78,1407,4.58
Master,1,792,3627.36,1403,4.58
Master,1,793,3631.94,1415,4.58
Master,1,794,3636.52,1436,4.58
Master,1,795,3641.1,1433,4.58
Master,1,796,3645.68,1447,4.58
Master,1,797,3650.26,1451,4.58
Master,1,798,3654.84,1456,4.58
Master,1,799,3659.42,1473,4.58
Master,1,800,3664.0,1463,4.58
Master,1,801,3668.58,1464,4.58
Master,1,802,3673.16,1470,4.58
Master,1,803,3677.7400000000002,1457,4.58
Master,1,804,3682.32,1447,4.58
Master,1,805,3686.9,1460,4.58
Master,1,806,3691.48,1456,4.58
Master,1,807,3696.06,1451,4.58
Master,1,808,3700.64,1463,4.58
Master,1,809,3705.2200000000003,1454,4.58
Master,1,810,3709.8,1465,4.58
Master,1,811,3714.38,1475,4.58
Master,1,812,3718.96,1466,4.58
Master,1,813,3723.54,1470,4.58
Master,1,814,3728.12,1475,4.58
Master,1,815,3732.7000000000003,1472,4.58
Master,1,816,3737.28,1471,4.58
Master,1,817,3741.86,1438,4.58
Master,1,818,3746.44,1428,4.58
Master,1,819,3751.02,1383,4.58
Master,1,820,3755.6,1376,4.58
Master,1,821,3760.18,1368,4.58
Master,1,822,3764.76,1360,4.58
Master,1,823,3769.34,1372,4.58
Master,1,824,3773.92,1369,4.58
Master,1,825,3778.5,1373,4.58
Master,1,826,3783.08,1385,4.58
Master,1,827,3787.66,1377,4.58
Master,1,828,3792.2400000000002,1384,4.58
Master,1,829,3796.82,1387,4.58
Master,1,830,3801.4,1363,4.58
Master,1,831,3805.98,1363,4.58
Master,1,832,3810.56,1363,4.58
Master,1,833,3815.14,1359,4.58
Master,1,834,3819.7200000000003,1342,4.58
Master,1,835,3824.3,1351,4.58
Master,1,836,3828.88,1359,4.58
Master,1,837,3833.46,1358,4.58
Master,1,838,3838.04,1374,4.58
Master,1,839,3842.62,1383,4.58
Master,1,840,3847.2000000000003,1393,4.58
Master,1,841,3851.78,1410,4.58
Master,1,842,3856.36,1404,4.58
Master,1,843,3860.94,1417,4.58
Master,1,844,3865.52,1423,4.58
Master,1,845,3870.1,1412,4.58
Master,1,846,3874.68,1424,4.58
Master,1,847,3879.26,1424,4.58
Master,1,848,3883.84,1407,4.58
Master,1,849,3888.42,1404,4.58
Master,1,850,3893.0,1408,4.58
Master,1,851,3897.58,1395,4.58
Master,1,852,3902.16,1399,4.58
Master,1,853,3906.7400000000002,1406,4.58
Master,1,854,3911.32,1400,4.58
Master,1,855,3915.9,1411,4.58
Master,1,856,3920.48,1415,4.58
Master,1,857,3925.06,1404,4.58
Master,1,858,3929.64,1417,4.58
Master,1,859,3934.2200000000003,1401,4.58
Master,1,860,3938.8,1399,4.58
Master,1,861,3943.38,1391,4.58
Master,1,862,3947.96,1368,4.58
Master,1,863,3952.54,1345,4.58
Master,1,864,3957.12,1315,4.58
Master,1,865,3961.7000000000003,1300,4.58
Master,1,866,3966.28,1304,4.58
Master,1,867,3970.86,1291,4.58
Master,1,868,3975.44,1307,4.58
Master,1,869,3980.02,1304,4.58
Master,1,870,3984.6,1308,4.58
Master,1,871,3989.18,1319,4.58
Master,1,872,3993.76,1313,4.58
Master,1,873,3998.34,1324,4.58
Master,1,874,4002.92,1329,4.58
Master,1,875,4007.5,1312,4.58
Master,1,876,4012.08,1308,4.58
Master,1,877,4016.66,1310,4.58
Master,1,878,4021.2400000000002,1299,4.58
Master,1,879,4025.82,1291,4.58
Master,1,880,4030.4,1304,4.58
Master,1,881,4034.98,1305,4.58
Master,1,882,4039.56,1312,4.58
Master,1,883,4044.14,1327,4.58
Master,1,884,4048.7200000000003,1326,4.58
Master,1,885,4053.3,1337,4.58
Master,1,886,4057.88,1360,4.58
Master,1,887,4062.46,1351,4.58
Master,1,888,4067.04,1366,4.58
Master,1,889,4071.62,1364,4.58
Master,1,890,4076.2000000000003,1363,4.58
Master,1,891,4080.78,1379,4.58
Master,1,892,4085.36,1364,4.58
Master,1,893,4089.94,1360,4.58
Master,1,894,4094.52,1359,4.58
Master,1,895,4099.1,1336,4.58
Master,1,896,4103.68,1336,4.58
Master,1,897,4108.26,1341,4.58
Master,1,898,4112.84,1339,4.58
Master,1,899,4117.42,1334,4.58
Master,1,900,4122.0,1340,4.58
Master,1,901,4126.58,1331,4.58
Master,1,902,4131.16,1339,4.58
Master,1,903,4135.74,1340,4.58
Master,1,904,4140.32,1328,4.58
Master,1,905,4144.9,1331,4.58
Master,1,906,4149.4800000000005,1311,4.58
Master,1,907,4154.06,1295,4.58
Master,1,908,4158.64,1276,4.58
Master,1,909,4163.22,1252,4.58
Master,1,910,4167.8,1254,4.58
Master,1,911,4172.38,1247,4.58
Master,1,912,4176.96,1243,4.58
Master,1,913,4181.54,1255,4.58
Master,1,914,4186.12,1250,4.58
Master,1,915,4190.7,1256,4.58
Master,1,916,4195.28,1272,4.58
Master,1,917,4199.86,1263,4.58
Master,1,918,4204.4400000000005,1271,4.58
Master,1,919,4209.02,1272,4.58
Master,1,920,4213.6,1260,4.58
Master,1,921,4218.18,1267,4.58
Master,1,922,4222.76,1271,4.58
Master,1,923,4227.34,1258,4.58
Master,1,924,4231.92,1265,4.58
Master,1,925,4236.5,1275,4.58
Master,1,926,4241.08,1262,4.58
Master,1,927,4245.66,1280,4.58
Master,1,928,4250.24,1297,4.58
Master,1,929,4254.82,1295,4.58
Master,1,930,4259.4,1314,4.58
Master,1,931,4263.9800000000005,1310,4.58
Master,1,932,4268.56,1324,4.58
Master,1,933,4273.14,1335,4.58
Master,1,934,4277.72,1327,4.58
Master,1,935,4282.3,1334,4.58
Master,1,936,4286.88,1336,4.58
Master,1,937,4291.46,1328,4.58
Master,1,938,4296.04,1323,4.58
Master,1,939,4300.62,1310,4.58
Master,1,940,4305.2,1289,4.58
Master,1,941,4309.78,1283,4.58
Master,1,942,4314.36,1286,4.58
Master,1,943,4318.9400000000005,1272,4.58
Master,1,944,4323.52,1275,4.58
Master,1,945,4328.1,1279,4.58
Master,1,946,4332.68,1263,4.58
Master,1,947,4337.26,1272,4.58
Master,1,948,4341.84,1264,4.58
Master,1,949,4346.42,1253,4.58
Master,1,950,4351.0,1242,4.58
Master,1,951,4355.58,1219,4.58
Master,1,952,4360.16,1195,4.58
Master,1,953,4364.74,1191,4.58
Master,1,954,4369.32,1174,4.58
Master,1,955,4373.9,1180,4.58
Master,1,956,4378.4800000000005,1176,4.58
Master,1,957,4383.06,1185,4.58
Master,1,958,4387.64,1199,4.58
Master,1,959,4392.22,1194,4.58
Master,1,960,4396.8,1212,4.58
Master,1,961,4401.38,1223,4.58
Master,1,962,4405.96,1223,4.58
Master,1,963,4410.54,1240,4.58
Master,1,964,4415.12,1241,4.58
Master,1,965,4419.7,1239,4.58
Master,1,966,4424.28,1246,4.58
Master,1,967,4428.86,1241,4.58
Master,1,968,4433.4400000000005,1239,4.58
Master,1,969,4438.02,1255,4.58
Master,1,970,4442.6,1246,4.58
Master,1,971,4447.18,1256,4.58
Master,1,972,4451.76,1273,4.58
Master,1,973,4456.34,1267,4.58
Master,1,974,4460.92,1276,4.58
Master,1,975,4465.5,1296,4.58
Master,1,976,4470.08,1291,4.58
Master,1,977,4474.66,1307,4.58
Master,1,978,4479.24,1310,4.58
Master,1,979,4483.82,1308,4.58
Master,1,980,4488.4,1320,4.58
Master,1,981,4492.9800000000005,1303,4.58
Master,1,982,4497.56,1303,4.58
Master,1,983,4502.14,1292,4.58
Master,1,984,4506.72,1272,4.58
Master,1,985,4511.3,1259,4.58
Master,1,986,4515.88,1251,4.58
Master,1,987,4520.46,1246,4.58
Master,1,988,4525.04,1235,4.58
Master,1,989,4529.62,1235,4.58
Master,1,990,4534.2,1230,4.58
Master,1,991,4538.78,1214,4.58
Master,1,992,4543.36,1223,4.58
Master,1,993,4547.9400000000005,1199,4.58
Master,1,994,4552.52,1183,4.58
Master,1,995,4557.1,1169,4.58
Master,1,996,4561.68,1151,4.58
Master,1,997,4566.26,1143,4.58
Master,1,998,4570.84,1135,4.58
Master,1,999,4575.42,1136,4.58
Master,1,1000,4580.0,1151,4.58
Master,1,1001,4584.58,1151,4.58
Master,1,1002,4589.16,1166,4.58
Master,1,1003,4593.74,1178,4.58
Master,1,1004,4598.32,1176,4.58
Master,1,1005,4602.9,1201,4.58
Master,1,1006,4607.4800000000005,1199,4.58
Master,1,1007,4612.06,1199,4.58
Master,1,1008,4616.64,1217,4.58
Master,1,1009,4621.22,1217,4.58
Master,1,1010,4625.8,1223,4.58
Master,1,1011,4630.38,1236,4.58
Master,1,1012,4634.96,1224,4.58
Master,1,1013,4639.54,1227,4.58
Master,1,1014,4644.12,1239,4.58
Master,1,1015,4648.7,1228,4.58
Master,1,1016,4653.28,1244,4.58
Master,1,1017,4657.86,1257,4.58
Master,1,1018,4662.4400000000005,1251,4.58
Master,1,1019,4667.02,1263,4.58
Master,1,1020,4671.6,1273,4.58
Master,1,1021,4676.18,1273,4.58
Master,1,1022,4680.76,1286,4.58
Master,1,1023,4685.34,1276,4.58
Master,1,1024,4689.92,1277,4.58
Master,1,1025,4694.5,1283,4.58
Master,1,1026,4699.08,1267,4.58
Master,1,1027,4703.66,1260,4.58
Master,1,1028,4708.24,1264,4.58
Master,1,1029,4712.82,1239,4.58
Master,1,1030,4717.4,1223,4.58
Master,1,1031,4721.9800000000005,1214,4.58
Master,1,1032,4726.56,1215,4.58
Master,1,1033,4731.14,1200,4.58
Master,1,1034,4735.72,1197,4.58
Master,1,1035,4740.3,1196,4.58
Master,1,1036,4744.88,1182,4.58
Master,1,1037,4749.46,1182,4.58
Master,1,1038,4754.04,1160,4.58
Master,1,1039,4758.62,1140,4.58
Master,1,1040,4763.2,1112,4.58
Master,1,1041,4767.78,1104,4.58
Master,1,1042,4772.36,1104,4.58
Master,1,1043,4776.9400000000005,1087,4.58
Master,1,1044,4781.52,1096,4.58
Master,1,1045,4786.1,1100,4.58
Master,1,1046,4790.68,1097,4.58
Master,1,1047,4795.26,1111,4.58
Master,1,1048,4799.84,1111,4.58
Master,1,1049,4804.42,1121,4.58
Master,1,1050,4809.0,1135,4.58
Master,1,1051,4813.58,1119,4.58
Master,1,1052,4818.16,1132,4.58
Master,1,1053,4822.74,1144,4.58
Master,1,1054,4827.32,1137,4.58
Master,1,1055,4831.9,1143,4.58
Master,1,1056,4836.4800000000005,1152,4.58
Master,1,1057,4841.06,1140,4.58
Master,1,1058,4845.64,1151,4.58
Master,1,1059,4850.22,1163,4.58
Master,1,1060,4854.8,1154,4.58
Master,1,1061,4859.38,1164,4.58
Master,1,1062,4863.96,1172,4.58
Master,1,1063,4868.54,1167,4.58
Master,1,1064,4873.12,1179,4.58
Master,1,1065,4877.7,1180,4.58
Master,1,1066,4882.28,1192,4.58
Master,1,1067,4886.86,1201,4.58
Master,1,1068,4891.4400000000005,1183,4.58
Master,1,1069,4896.02,1204,4.58
Master,1,1070,4900.6,1195,4.58
Master,1,1071,4905.18,1187,4.58
Master,1,1072,4909.76,1187,4.58
Master,1,1073,4914.34,1162,4.58
Master,1,1074,4918.92,1144,4.58
Master,1,1075,4923.5,1115,4.58
Master,1,1076,4928.08,1095,4.58
Master,1,1077,4932.66,1082,4.58
Master,1,1078,4937.24,1054,4.58
Master,1,1079,4941.82,1051,4.58
Master,1,1080,4946.4,1035,4.58
Master,1,1081,4950.9800000000005,1008,4.58
Master,1,1082,4955.56,987,4.58
Master,1,1083,4960.14,983,4.58
Master,1,1084,4964.72,970,4.58
Master,1,1085,4969.3,956,4.58
Master,1,1086,4973.88,957,4.58
Master,1,1087,4978.46,971,4.58
Master,1,1088,4983.04,962,4.58
Master,1,1089,4987.62,974,4.58
Master,1,1090,4992.2,992,4.58
Master,1,1091,4996.78,999,4.58
Master,1,1092,5001.36,1019,4.58
Master,1,1093,5005.9400000000005,1020,4.58
Master,1,1094,5010.52,1033,4.58
Master,1,1095,5015.1,1057,4.58
Master,1,1096,5019.68,1047,4.58
Master,1,1097,5024.26,1063,4.58
Master,1,1098,5028.84,1070,4.58
Master,1,1099,5033.42,1076,4.58
Master,1,1100,5038.0,1091,4.58
Master,1,1101,5042.58,1095,4.58
Master,1,1102,5047.16,1084,4.58
Master,1,1103,5051.74,1100,4.58
Master,1,1104,5056.32,1103,4.58
Master,1,1105,5060.9,1086,4.58
Master,1,1106,5065.4800000000005,1100,4.58
Master,1,1107,5070.06,1099,4.58
Master,1,1108,5074.64,1102,4.58
Master,1,1109,5079.22,1116,4.58
Master,1,1110,5083.8,1115,4.58
Master,1,1111,5088.38,1125,4.58
Master,1,1112,5092.96,1114,4.58
Master,1,1113,5097.54,1117,4.58
Master,1,1114,5102.12,1123,4.58
Master,1,1115,5106.7,1111,4.58
Master,1,1116,5111.28,1110,4.58
Master,1,1117,5115.86,1086,4.58
Master,1,1118,5120.4400000000005,1079,4.58
Master,1,1119,5125.02,1057,4.58
Master,1,1120,5129.6,1038,4.58
Master,1,1121,5134.18,1024,4.58
Master,1,1122,5138.76,1019,4.58
Master,1,1123,5143.34,1007,4.58
Master,1,1124,5147.92,1015,4.58
Master,1,1125,5152.5,1004,4.58
Master,1,1126,5157.08,980,4.58
Master,1,1127,5161.66,979,4.58
Master,1,1128,5166.24,975,4.58
Master,1,1129,5170.82,948,4.58
Master,1,1130,5175.4,952,4.58
Master,1,1131,5179.9800000000005,967,4.58
Master,1,1132,5184.56,955,4.58
Master,1,1133,5189.14,962,4.58
Master,1,1134,5193.72,984,4.58
Master,1,1135,5198.3,987,4.58
Master,1,1136,5202.88,1007,4.58
Master,1,1137,5207.46,1022,4.58
Master,1,1138,5212.04,1021,4.58
Master,1,1139,5216.62,1049,4.58
Master,1,1140,5221.2,1047,4.58
Master,1,1141,5225.78,1054,4.58
Master,1,1142,5230.36,1076,4.58
Master,1,1143,5234.9400000000005,1073,4.58
Master,1,1144,5239.52,1081,4.58
Master,1,1145,5244.1,1082,4.58
Master,1,1146,5248.68,1064,4.58
Master,1,1147,5253.26,1072,4.58
Master,1,1148,5257.84,1075,4.58
Master,1,1149,5262.42,1059,4.58
Master,1,1150,5267.0,1064,4.58
Master,1,1151,5271.58,1067,4.58
Master,1,1152,5276.16,1055,4.58
Master,1,1153,5280.74,1062,4.58
Master,1,1154,5285.32,1065,4.58
Master,1,1155,5289.9,1067,4.58
Master,1,1156,5294.4800000000005,1075,4.58
Master,1,1157,5299.06,1054,4.58
Master,1,1158,5303.64,1060,4.58
Master,1,1159,5308.22,1051,4.58
Master,1,1160,5312.8,1043,4.58
Master,1,1161,5317.38,1030,4.58
Master,1,1162,5321.96,1008,4.58
Master,1,1163,5326.54,993,4.58
Master,1,1164,5331.12,990,4.58
Master,1,1165,5335.7,975,4.58
Master,1,1166,5340.28,972,4.58
Master,1,1167,5344.86,977,4.58
Master,1,1168,5349.4400000000005,971,4.58
Master,1,1169,5354.02,975,4.58
Master,1,1170,5358.6,968,4.58
Master,1,1171,5363.18,957,4.58
Master,1,1172,5367.76,967,4.58
Master,1,1173,5372.34,967,4.58
Master,1,1174,5376.92,946,4.58
Master,1,1175,5381.5,955,4.58
Master,1,1176,5386.08,967,4.58
Master,1,1177,5390.66,956,4.58
Master,1,1178,5395.24,975,4.58
Master,1,1179,5399.82,982,4.58
Master,1,1180,5404.4,996,4.58
Master,1,1181,5408.9800000000005,1016,4.58
Master,1,1182,5413.56,1015,4.58
Master,1,1183,5418.14,1031,4.58
Master,1,1184,5422.72,1044,4.58
Master,1,1185,5427.3,1043,4.58
Master,1,1186,5431.88,1059,4.58
Master,1,1187,5436.46,1055,4.58
Master,1,1188,5441.04,1060,4.58
Master,1,1189,5445.62,1079,4.58
Master,1,1190,5450.2,1071,4.58
Master,1,1191,5454.78,1076,4.58
Master,1,1192,5459.36,1087,4.58
Master,1,1193,5463.9400000000005,1067,4.58
Master,1,1194,5468.52,1071,4.58
Master,1,1195,5473.1,1079,4.58
Master,1,1196,5477.68,1068,4.58
Master,1,1197,5482.26,1072,4.58
Master,1,1198,5486.84,1071,4.58
Master,1,1199,5491.42,1059,4.58
Master,1,1200,5496.0,1065,4.58
Master,1,1201,5500.58,1051,4.58
Master,1,1202,5505.16,1046,4.58
Master,1,1203,5509.74,1032,4.58
Master,1,1204,5514.32,1032,4.58
Master,1,1205,5518.9,1019,4.58
Master,1,1206,5523.4800000000005,1009,4.58
Master,1,1207,5528.06,1010,4.58
Master,1,1208,5532.64,1004,4.58
Master,1,1209,5537.22,1019,4.58
Master,1,1210,5541.8,1007,4.58
Master,1,1211,5546.38,1007,4.58
Master,1,1212,5550.96,1020,4.58
Master,1,1213,5555.54,1012,4.58
Master,1,1214,5560.12,1023,4.58
Master,1,1215,5564.7,1023,4.58
Master,1,1216,5569.28,1008,4.58
Master,1,1217,5573.86,1024,4.58
Master,1,1218,5578.4400000000005,1011,4.58
Master,1,1219,5583.02,996,4.58
Master,1,1220,5587.6,1004,4.58
Master,1,1221,5592.18,1011,4.58
Master,1,1222,5596.76,1007,4.58
Master,1,1223,5601.34,1012,4.58
Master,1,1224,5605.92,1021,4.58
Master,1,1225,5610.5,1031,4.58
Master,1,1226,5615.08,1045,4.58
Master,1,1227,5619.66,1036,4.58
Master,1,1228,5624.24,1057,4.58
Master,1,1229,5628.82,1059,4.58
Master,1,1230,5633.4,1054,4.58
Master,1,1231,5637.9800000000005,1066,4.58
Master,1,1232,5642.56,1065,4.58
Master,1,1233,5647.14,1067,4.58
Master,1,1234,5651.72,1075,4.58
Master,1,1235,5656.3,1063,4.58
Master,1,1236,5660.88,1071,4.58
Master,1,1237,5665.46,1072,4.58
Master,1,1238,5670.04,1053,4.58
Master,1,1239,5674.62,1059,4.58
Master,1,1240,5679.2,1058,4.58
Master,1,1241,5683.78,1044,4.58
Master,1,1242,5688.36,1057,4.58
Master,1,1243,5692.9400000000005,1051,4.58
Master,1,1244,5697.52,1053,4.58
Master,1,1245,5702.1,1050,4.58
Master,1,1246,5706.68,1035,4.58
Master,1,1247,5711.26,1043,4.58
Master,1,1248,5715.84,1020,4.58
Master,1,1249,5720.42,1025,4.58
Master,1,1250,5725.0,1009,4.58
Master,1,1251,5729.58,1011,4.58
Master,1,1252,5734.16,999,4.58
Master,1,1253,5738.74,1003,4.58
Master,1,1254,5743.32,1009,4.58
Master,1,1255,5747.9,1003,4.58
Master,1,1256,5752.4800000000005,1015,4.58
Master,1,1257,5757.06,1019,4.58
Master,1,1258,5761.64,1019,4.58
Master,1,1259,5766.22,1031,4.58
Master,1,1260,5770.8,1019,4.58
Master,1,1261,5775.38,1023,4.58
Master,1,1262,5779.96,1035,4.58
Master,1,1263,5784.54,1027,4.58
Master,1,1264,5789.12,1034,4.58
Master,1,1265,5793.7,1038,4.58
Master,1,1266,5798.28,1035,4.58
Master,1,1267,5802.86,1047,4.58
Master,1,1268,5807.4400000000005,1054,4.58
Master,1,1269,5812.02,1052,4.58
Master,1,1270,5816.6,1063,4.58
Master,1,1271,5821.18,1055,4.58
Master,1,1272,5825.76,1060,4.58
Master,1,1273,5830.34,1075,4.58
Master,1,1274,5834.92,1072,4.58
Master,1,1275,5839.5,1079,4.58
Master,1,1276,5844.08,1079,4.58
Master,1,1277,5848.66,1076,4.58
Master,1,1278,5853.24,1085,4.58
Master,1,1279,5857.82,1083,4.58
Master,1,1280,5862.4,1076,4.58
Master,1,1281,5866.9800000000005,1084,4.58
Master,1,1282,5871.56,1059,4.58
Master,1,1283,5876.14,1050,4.58
Master,1,1284,5880.72,1044,4.58
Master,1,1285,5885.3,1032,4.58
Master,1,1286,5889.88,1015,4.58
Master,1,1287,5894.46,1007,4.58
Master,1,1288,5899.04,988,4.58
Master,1,1289,5903.62,977,4.58
Master,1,1290,5908.2,976,4.58
Master,1,1291,5912.78,960,4.58
Master,1,1292,5917.36,958,4.58
Master,1,1293,5921.9400000000005,952,4.58
Master,1,1294,5926.52,935,4.58
Master,1,1295,5931.1,911,4.58
Master,1,1296,5935.68,902,4.58
Master,1,1297,5940.26,892,4.58
Master,1,1298,5944.84,895,4.58
Master,1,1299,5949.42,902,4.58
Master,1,1300,5954.0,890,4.58
Master,1,1301,5958.58,904,4.58
Master,1,1302,5963.16,905,4.58
Master,1,1303,5967.74,911,4.58
Master,1,1304,5972.32,926,4.58
Master,1,1305,5976.900000000001,931,4.58
Master,1,1306,5981.4800000000005,947,4.58
Master,1,1307,5986.06,961,4.58
Master,1,1308,5990.64,950,4.58
Master,1,1309,5995.22,972,4.58
Master,1,1310,5999.8,971,4.58
Master,1,1311,6004.38,971,4.58
Master,1,1312,6008.96,983,4.58
Master,1,1313,6013.54,974,4.58
Master,1,1314,6018.12,987,4.58
Master,1,1315,6022.7,999,4.58
Master,1,1316,6027.28,991,4.58
Master,1,1317,6031.86,1008,4.58
Master,1,1318,6036.4400000000005,1015,4.58
Master,1,1319,6041.02,996,4.58
Master,1,1320,6045.6,1006,4.58
Master,1,1321,6050.18,1000,4.58
Master,1,1322,6054.76,1001,4.58
Master,1,1323,6059.34,996,4.58
Master,1,1324,6063.92,972,4.58
Master,1,1325,6068.5,980,4.58
Master,1,1326,6073.08,963,4.58
Master,1,1327,6077.66,943,4.58
Master,1,1328,6082.24,914,4.58
Master,1,1329,6086.82,896,4.58
Master,1,1330,6091.400000000001,875,4.58
Master,1,1331,6095.9800000000005,861,4.58
Master,1,1332,6100.56,844,4.58
Master,1,1333,6105.14,828,4.58
Master,1,1334,6109.72,811,4.58
Master,1,1335,6114.3,790,4.58
Master,1,1336,6118.88,774,4.58
Master,1,1337,6123.46,775,4.58
Master,1,1338,6128.04,771,4.58
Master,1,1339,6132.62,774,4.58
Master,1,1340,6137.2,774,4.58
Master,1,1341,6141.78,768,4.58
Master,1,1342,6146.36,787,4.58
Master,1,1343,6150.9400000000005,795,4.58
Master,1,1344,6155.52,783,4.58
Master,1,1345,6160.1,802,4.58
Master,1,1346,6164.68,821,4.58
Master,1,1347,6169.26,825,4.58
Master,1,1348,6173.84,843,4.58
Master,1,1349,6178.42,846,4.58
Master,1,1350,6183.0,856,4.58
Master,1,1351,6187.58,875,4.58
Master,1,1352,6192.16,871,4.58
Master,1,1353,6196.74,876,4.58
Master,1,1354,6201.32,888,4.58
Master,1,1355,6205.900000000001,875,4.58
Master,1,1356,6210.4800000000005,877,4.58
Master,1,1357,6215.06,888,4.58
Master,1,1358,6219.64,883,4.58
Master,1,1359,6224.22,891,4.58
Master,1,1360,6228.8,896,4.58
Master,1,1361,6233.38,896,4.58
Master,1,1362,6237.96,913,4.58
Master,1,1363,6242.54,911,4.58
Master,1,1364,6247.12,900,4.58
Master,1,1365,6251.7,920,4.58
Master,1,1366,6256.28,907,4.58
Master,1,1367,6260.86,910,4.58
Master,1,1368,6265.4400000000005,906,4.58
Master,1,1369,6270.02,892,4.58
Master,1,1370,6274.6,893,4.58
Master,1,1371,6279.18,871,4.58
Master,1,1372,6283.76,855,4.58
Master,1,1373,6288.34,854,4.58
Master,1,1374,6292.92,848,4.58
Master,1,1375,6297.5,825,4.58
Master,1,1376,6302.08,815,4.58
Master,1,1377,6306.66,807,4.58
Master,1,1378,6311.24,800,4.58
Master,1,1379,6315.82,793,4.58
Master,1,1380,6320.400000000001,771,4.58
Master,1,1381,6324.9800000000005,756,4.58
Master,1,1382,6329.56,756,4.58
Master,1,1383,6334.14,743,4.58
Master,1,1384,6338.72,743,4.58
Master,1,1385,6343.3,755,4.58
Master,1,1386,6347.88,753,4.58
Master,1,1387,6352.46,767,4.58
Master,1,1388,6357.04,780,4.58
Master,1,1389,6361.62,784,4.58
Master,1,1390,6366.2,801,4.58
Master,1,1391,6370.78,801,4.58
Master,1,1392,6375.36,799,4.58
Master,1,1393,6379.9400000000005,820,4.58
Master,1,1394,6384.52,827,4.58
Master,1,1395,6389.1,841,4.58
Master,1,1396,6393.68,854,4.58
Master,1,1397,6398.26,844,4.58
Master,1,1398,6402.84,861,4.58
Master,1,1399,6407.42,855,4.58
Master,1,1400,6412.0,847,4.58
Master,1,1401,6416.58,865,4.58
Master,1,1402,6421.16,873,4.58
Master,1,1403,6425.74,879,4.58
Master,1,1404,6430.32,890,4.58
Master,1,1405,6434.900000000001,892,4.58
Master,1,1406,6439.4800000000005,903,4.58
Master,1,1407,6444.06,903,4.58
Master,1,1408,6448.64,884,4.58
Master,1,1409,6453.22,896,4.58
Master,1,1410,6457.8,895,4.58
Master,1,1411,6462.38,903,4.58
Master,1,1412,6466.96,886,4.58
Master,1,1413,6471.54,876,4.58
Master,1,1414,6476.12,881,4.58
Master,1,1415,6480.7,871,4.58
Master,1,1416,6485.28,863,4.58
Master,1,1417,6489.86,848,4.58
Master,1,1418,6494.4400000000005,837,4.58
Master,1,1419,6499.02,838,4.58
Master,1,1420,6503.6,824,4.58
Master,1,1421,6508.18,824,4.58
Master,1,1422,6512.76,827,4.58
Master,1,1423,6517.34,815,4.58
Master,1,1424,6521.92,816,4.58
Master,1,1425,6526.5,816,4.58
Master,1,1426,6531.08,811,4.58
Master,1,1427,6535.66,811,4.58
Master,1,1428,6540.24,798,4.58
Master,1,1429,6544.82,792,4.58
Master,1,1430,6549.400000000001,800,4.58
Master,1,1431,6553.9800000000005,801,4.58
Master,1,1432,6558.56,811,4.58
Master,1,1433,6563.14,816,4.58
Master,1,1434,6567.72,824,4.58
Master,1,1435,6572.3,843,4.58
Master,1,1436,6576.88,828,4.58
Master,1,1437,6581.46,844,4.58
Master,1,1438,6586.04,859,4.58
Master,1,1439,6590.62,861,4.58
Master,1,1440,6595.2,872,4.58
Master,1,1441,6599.78,868,4.58
Master,1,1442,6604.36,871,4.58
Master,1,1443,6608.9400000000005,879,4.58
Master,1,1444,6613.52,860,4.58
Master,1,1445,6618.1,864,4.58
Master,1,1446,6622.68,881,4.58
Master,1,1447,6627.26,862,4.58
Master,1,1448,6631.84,872,4.58
Master,1,1449,6636.42,880,4.58
Master,1,1450,6641.0,867,4.58
Master,1,1451,6645.58,879,4.58
Master,1,1452,6650.16,862,4.58
Master,1,1453,6654.74,852,4.58
Master,1,1454,6659.32,859,4.58
Master,1,1455,6663.900000000001,855,4.58
Master,1,1456,6668.4800000000005,850,4.58
Master,1,1457,6673.06,836,4.58
Master,1,1458,6677.64,827,4.58
Master,1,1459,6682.22,815,4.58
Master,1,1460,6686.8,794,4.58
Master,1,1461,6691.38,777,4.58
Master,1,1462,6695.96,776,4.58
Master,1,1463,6700.54,776,4.58
Master,1,1464,6705.12,768,4.58
Master,1,1465,6709.7,765,4.58
Master,1,1466,6714.28,776,4.58
Master,1,1467,6718.86,767,4.58
Master,1,1468,6723.4400000000005,771,4.58
Master,1,1469,6728.02,777,4.58
Master,1,1470,6732.6,759,4.58
Master,1,1471,6737.18,766,4.58
Master,1,1472,6741.76,759,4.58
Master,1,1473,6746.34,751,4.58
Master,1,1474,6750.92,755,4.58
Master,1,1475,6755.5,747,4.58
Master,1,1476,6760.08,748,4.58
Master,1,1477,6764.66,760,4.58
Master,1,1478,6769.24,756,4.58
Master,1,1479,6773.82,767,4.58
Master,1,1480,6778.400000000001,767,4.58
Master,1,1481,6782.9800000000005,768,4.58
Master,1,1482,6787.56,784,4.58
Master,1,1483,6792.14,783,4.58
Master,1,1484,6796.72,790,4.58
Master,1,1485,6801.3,790,4.58
Master,1,1486,6805.88,789,4.58
Master,1,1487,6810.46,807,4.58
Master,1,1488,6815.04,802,4.58
Master,1,1489,6819.62,792,4.58
Master,1,1490,6824.2,811,4.58
Master,1,1491,6828.78,807,4.58
Master,1,1492,6833.36,812,4.58
Master,1,1493,6837.9400000000005,820,4.58
Master,1,1494,6842.52,821,4.58
Master,1,1495,6847.1,831,4.58
Master,1,1496,6851.68,834,4.58
Master,1,1497,6856.26,829,4.58
Master,1,1498,6860.84,840,4.58
Master,1,1499,6865.42,839,4.58
Master,1,1500,6870.0,835,4.58
Master,1,1501,6874.58,828,4.58
Master,1,1502,6879.16,823,4.58
Master,1,1503,6883.74,834,4.58
Master,1,1504,6888.32,822,4.58
Master,1,1505,6892.900000000001,828,4.58
Master,1,1506,6897.4800000000005,831,4.58
Master,1,1507,6902.06,823,4.58
Master,1,1508,6906.64,830,4.58
Master,1,1509,6911.22,820,4.58
Master,1,1510,6915.8,811,4.58
Master,1,1511,6920.38,815,4.58
Master,1,1512,6924.96,810,4.58
Master,1,1513,6929.54,825,4.58
Master,1,1514,6934.12,817,4.58
Master,1,1515,6938.7,807,4.58
Master,1,1516,6943.28,822,4.58
Master,1,1517,6947.86,816,4.58
Master,1,1518,6952.4400000000005,817,4.58
Master,1,1519,6957.02,827,4.58
Master,1,1520,6961.6,818,4.58
Master,1,1521,6966.18,826,4.58
Master,1,1522,6970.76,835,4.58
Master,1,1523,6975.34,827,4.58
Master,1,1524,6979.92,847,4.58
Master,1,1525,6984.5,844,4.58
Master,1,1526,6989.08,851,4.58
Master,1,1527,6993.66,871,4.58
Master,1,1528,6998.24,863,4.58
Master,1,1529,7002.82,880,4.58
Master,1,1530,7007.400000000001,891,4.58
Master,1,1531,7011.9800000000005,887,4.58
Master,1,1532,7016.56,898,4.58
Master,1,1533,7021.14,882,4.58
Master,1,1534,7025.72,880,4.58
Master,1,1535,7030.3,895,4.58
Master,1,1536,7034.88,887,4.58
Master,1,1537,7039.46,892,4.58
Master,1,1538,7044.04,905,4.58
Master,1,1539,7048.62,899,4.58
Master,1,1540,7053.2,916,4.58
Master,1,1541,7057.78,920,4.58
Master,1,1542,7062.36,912,4.58
Master,1,1543,7066.9400000000005,918,4.58
Master,1,1544,7071.52,910,4.58
Master,1,1545,7076.1,913,4.58
Master,1,1546,7080.68,913,4.58
Master,1,1547,7085.26,898,4.58
Master,1,1548,7089.84,892,4.58
Master,1,1549,7094.42,876,4.58
Master,1,1550,7099.0,867,4.58
Master,1,1551,7103.58,859,4.58
Master,1,1552,7108.16,850,4.58
Master,1,1553,7112.74,848,4.58
Master,1,1554,7117.32,835,4.58
Master,1,1555,7121.900000000001,843,4.58
Master,1,1556,7126.4800000000005,840,4.58
Master,1,1557,7131.06,848,4.58
Master,1,1558,7135.64,851,4.58
Master,1,1559,7140.22,839,4.58
Master,1,1560,7144.8,847,4.58
Master,1,1561,7149.38,853,4.58
Master,1,1562,7153.96,857,4.58
Master,1,1563,7158.54,865,4.58
Master,1,1564,7163.12,847,4.58
Master,1,1565,7167.7,856,4.58
Master,1,1566,7172.28,859,4.58
Master,1,1567,7176.86,847,4.58
Master,1,1568,7181.4400000000005,846,4.58
Master,1,1569,7186.02,840,4.58
Master,1,1570,7190.6,829,4.58
Master,1,1571,7195.18,829,4.58
Master,1,1572,7199.76,823,4.58
Master,1,1573,7204.34,819,4.58
Master,1,1574,7208.92,812,4.58
Master,1,1575,7213.5,801,4.58
Master,1,1576,7218.08,795,4.58
Master,1,1577,7222.66,784,4.58
Master,1,1578,7227.24,784,4.58
Master,1,1579,7231.82,771,4.58
Master,1,1580,7236.400000000001,767,4.58
Master,1,1581,7240.9800000000005,770,4.58
Master,1,1582,7245.56,780,4.58
Master,1,1583,7250.14,771,4.58
Master,1,1584,7254.72,766,4.58
Master,1,1585,7259.3,766,4.58
Master,1,1586,7263.88,747,4.58
Master,1,1587,7268.46,735,4.58
Master,1,1588,7273.04,727,4.58
Master,1,1589,7277.62,728,4.58
Master,1,1590,7282.2,717,4.58
Master,1,1591,7286.78,695,4.58
Master,1,1592,7291.36,701,4.58
Master,1,1593,7295.9400000000005,694,4.58
Master,1,1594,7300.52,700,4.58
Master,1,1595,7305.1,707,4.58
Master,1,1596,7309.68,704,4.58
Master,1,1597,7314.26,719,4.58
Master,1,1598,7318.84,724,4.58
Master,1,1599,7323.42,716,4.58
Master,1,1600,7328.0,727,4.58
Master,1,1601,7332.58,727,4.58
Master,1,1602,7337.16,732,4.58
Master,1,1603,7341.74,744,4.58
Master,1,1604,7346.32,734,4.58
Master,1,1605,7350.900000000001,760,4.58
Master,1,1606,7355.4800000000005,753,4.58
Master,1,1607,7360.06,759,4.58
Master,1,1608,7364.64,775,4.58
Master,1,1609,7369.22,772,4.58
Master,1,1610,7373.8,792,4.58
Master,1,1611,7378.38,790,4.58
Master,1,1612,7382.96,782,4.58
Master,1,1613,7387.54,801,4.58
Master,1,1614,7392.12,800,4.58
Master,1,1615,7396.7,807,4.58
Master,1,1616,7401.28,806,4.58
Master,1,1617,7405.86,808,4.58
Master,1,1618,7410.4400000000005,813,4.58
Master,1,1619,7415.02,791,4.58
Master,1,1620,7419.6,780,4.58
Master,1,1621,7424.18,789,4.58
Master,1,1622,7428.76,785,4.58
Master,1,1623,7433.34,778,4.58
Master,1,1624,7437.92,760,4.58
Master,1,1625,7442.5,763,4.58
Master,1,1626,7447.08,763,4.58
Master,1,1627,7451.66,758,4.58
Master,1,1628,7456.24,760,4.58
Master,1,1629,7460.82,755,4.58
Master,1,1630,7465.400000000001,763,4.58
Master,1,1631,7469.9800000000005,748,4.58
Master,1,1632,7474.56,740,4.58
Master,1,1633,7479.14,741,4.58
Master,1,1634,7483.72,743,4.58
Master,1,1635,7488.3,747,4.58
Master,1,1636,7492.88,750,4.58
Master,1,1637,7497.46,744,4.58
Master,1,1638,7502.04,753,4.58
Master,1,1639,7506.62,759,4.58
Master,1,1640,7511.2,746,4.58
Master,1,1641,7515.78,756,4.58
Master,1,1642,7520.36,767,4.58
Master,1,1643,7524.9400000000005,767,4.58
Master,1,1644,7529.52,770,4.58
Master,1,1645,7534.1,772,4.58
Master,1,1646,7538.68,785,4.58
Master,1,1647,7543.26,781,4.58
Master,1,1648,7547.84,760,4.58
Master,1,1649,7552.42,769,4.58
Master,1,1650,7557.0,771,4.58
Master,1,1651,7561.58,766,4.58
Master,1,1652,7566.16,776,4.58
Master,1,1653,7570.74,779,4.58
Master,1,1654,7575.32,791,4.58
Master,1,1655,7579.900000000001,796,4.58
Master,1,1656,7584.4800000000005,786,4.58
Master,1,1657,7589.06,793,4.58
Master,1,1658,7593.64,800,4.58
Master,1,1659,7598.22,794,4.58
Master,1,1660,7602.8,784,4.58
Master,1,1661,7607.38,785,4.58
Master,1,1662,7611.96,780,4.58
Master,1,1663,7616.54,780,4.58
Master,1,1664,7621.12,768,4.58
Master,1,1665,7625.7,764,4.58
Master,1,1666,7630.28,767,4.58
Master,1,1667,7634.86,751,4.58
Master,1,1668,7639.4400000000005,726,4.58
Master,1,1669,7644.02,723,4.58
Master,1,1670,7648.6,719,4.58
Master,1,1671,7653.18,703,4.58
Master,1,1672,7657.76,702,4.58
Master,1,1673,7662.34,691,4.58
Master,1,1674,7666.92,679,4.58
Master,1,1675,7671.5,683,4.58
Master,1,1676,7676.08,687,4.58
Master,1,1677,7680.66,679,4.58
Master,1,1678,7685.24,683,4.58
Master,1,1679,7689.82,671,4.58
Master,1,1680,7694.400000000001,655,4.58
Master,1,1681,7698.9800000000005,650,4.58
Master,1,1682,7703.56,648,4.58
Master,1,1683,7708.14,636,4.58
Master,1,1684,7712.72,621,4.58
Master,1,1685,7717.3,609,4.58
Master,1,1686,7721.88,605,4.58
Master,1,1687,7726.46,611,4.58
Master,1,1688,7731.04,600,4.58
Master,1,1689,7735.62,608,4.58
Master,1,1690,7740.2,609,4.58
Master,1,1691,7744.78,610,4.58
Master,1,1692,7749.36,606,4.58
Master,1,1693,7753.9400000000005,596,4.58
Master,1,1694,7758.52,601,4.58
Master,1,1695,7763.1,600,4.58
Master,1,1696,7767.68,591,4.58
Master,1,1697,7772.26,599,4.58
Master,1,1698,7776.84,608,4.58
Master,1,1699,7781.42,619,4.58
Master,1,1700,7786.0,613,4.58
Master,1,1701,7790.58,606,4.58
Master,1,1702,7795.16,624,4.58
Master,1,1703,7799.74,627,4.58
Master,1,1704,7804.32,631,4.58
Master,1,1705,7808.900000000001,634,4.58
Master,1,1706,7813.4800000000005,640,4.58
Master,1,1707,7818.06,655,4.58
Master,1,1708,7822.64,641,4.58
Master,1,1709,7827.22,634,4.58
Master,1,1710,7831.8,648,4.58
Master,1,1711,7836.38,651,4.58
Master,1,1712,7840.96,641,4.58
Master,1,1713,7845.54,636,4.58
Master,1,1714,7850.12,637,4.58
Master,1,1715,7854.7,643,4.58
Master,1,1716,7859.28,631,4.58
Master,1,1717,7863.86,628,4.58
Master,1,1718,7868.4400000000005,639,4.58
Master,1,1719,7873.02,636,4.58
Master,1,1720,7877.6,632,4.58
Master,1,1721,7882.18,632,4.58
Master,1,1722,7886.76,633,4.58
Master,1,1723,7891.34,647,4.58
Master,1,1724,7895.92,645,4.58
Master,1,1725,7900.5,650,4.58
Master,1,1726,7905.08,664,4.58
Master,1,1727,7909.66,672,4.58
Master,1,1728,7914.24,682,4.58
Master,1,1729,7918.82,676,4.58
Master,1,1730,7923.400000000001,693,4.58
Master,1,1731,7927.9800000000005,711,4.58
Master,1,1732,7932.56,711,4.58
Master,1,1733,7937.14,728,4.58
Master,1,1734,7941.72,740,4.58
Master,1,1735,7946.3,751,4.58
Master,1,1736,7950.88,763,4.58
Master,1,1737,7955.46,744,4.58
Master,1,1738,7960.04,753,4.58
Master,1,1739,7964.62,765,4.58
Master,1,1740,7969.2,756,4.58
Master,1,1741,7973.78,764,4.58
Master,1,1742,7978.36,779,4.58
Master,1,1743,7982.9400000000005,775,4.58
Master,1,1744,7987.52,788,4.58
Master,1,1745,7992.1,787,4.58
Master,1,1746,7996.68,780,4.58
Master,1,1747,8001.26,788,4.58
Master,1,1748,8005.84,784,4.58
Master,1,1749,8010.42,785,4.58
Master,1,1750,8015.0,785,4.58
Master,1,1751,8019.58,783,4.58
Master,1,1752,8024.16,782,4.58
Master,1,1753,8028.74,775,4.58
Master,1,1754,8033.32,786,4.58
Master,1,1755,8037.900000000001,782,4.58
Master,1,1756,8042.4800000000005,784,4.58
Master,1,1757,8047.06,785,4.58
Master,1,1758,8051.64,780,4.58
Master,1,1759,8056.22,778,4.58
Master,1,1760,8060.8,776,4.58
Master,1,1761,8065.38,760,4.58
Master,1,1762,8069.96,763,4.58
Master,1,1763,8074.54,757,4.58
Master,1,1764,8079.12,764,4.58
Master,1,1765,8083.7,760,4.58
Master,1,1766,8088.28,747,4.58
Master,1,1767,8092.86,756,4.58
Master,1,1768,8097.4400000000005,748,4.58
Master,1,1769,8102.02,747,4.58
Master,1,1770,8106.6,759,4.58
Master,1,1771,8111.18,762,4.58
Master,1,1772,8115.76,764,4.58
Master,1,1773,8120.34,772,4.58
Master,1,1774,8124.92,763,4.58
Master,1,1775,8129.5,775,4.58
Master,1,1776,8134.08,764,4.58
Master,1,1777,8138.66,765,4.58
Master,1,1778,8143.24,774,4.58
Master,1,1779,8147.82,768,4.58
Master,1,1780,8152.400000000001,785,4.58
Master,1,1781,8156.9800000000005,774,4.58
Master,1,1782,8161.56,775,4.58
Master,1,1783,8166.14,774,4.58
Master,1,1784,8170.72,766,4.58
Master,1,1785,8175.3,769,4.58
Master,1,1786,8179.88,771,4.58
Master,1,1787,8184.46,758,4.58
Master,1,1788,8189.04,764,4.58
Master,1,1789,8193.62,753,4.58
Master,1,1790,8198.2,739,4.58
Master,1,1791,8202.78,738,4.58
Master,1,1792,8207.36,728,4.58
Master,1,1793,8211.94,720,4.58
Master,1,1794,8216.52,711,4.58
Master,1,1795,8221.1,706,4.58
Master,1,1796,8225.68,710,4.58
Master,1,1797,8230.26,703,4.58
Master,1,1798,8234.84,705,4.58
Master,1,1799,8239.42,710,4.58
Master,1,1800,8244.0,720,4.58
Master,1,1801,8248.58,733,4.58
Master,1,1802,8253.16,719,4.58
Master,1,1803,8257.74,728,4.58
Master,1,1804,8262.32,741,4.58
Master,1,1805,8266.9,747,4.58
Master,1,1806,8271.48,750,4.58
Master,1,1807,8276.06,750,4.58
Master,1,1808,8280.64,755,4.58
Master,1,1809,8285.22,761,4.58
Master,1,1810,8289.8,742,4.58
Master,1,1811,8294.380000000001,744,4.58
Master,1,1812,8298.960000000001,753,4.58
Master,1,1813,8303.54,752,4.58
Master,1,1814,8308.12,759,4.58
Master,1,1815,8312.7,760,4.58
Master,1,1816,8317.28,768,4.58
Master,1,1817,8321.86,783,4.58
Master,1,1818,8326.44,765,4.58
Master,1,1819,8331.02,756,4.58
Master,1,1820,8335.6,756,4.58
Master,1,1821,8340.18,745,4.58
Master,1,1822,8344.76,733,4.58
Master,1,1823,8349.34,735,4.58
Master,1,1824,8353.92,733,4.58
Master,1,1825,8358.5,737,4.58
Master,1,1826,8363.08,722,4.58
Master,1,1827,8367.66,718,4.58
Master,1,1828,8372.24,725,4.58
Master,1,1829,8376.82,723,4.58
Master,1,1830,8381.4,723,4.58
Master,1,1831,8385.98,716,4.58
Master,1,1832,8390.56,716,4.58
Master,1,1833,8395.14,707,4.58
Master,1,1834,8399.72,699,4.58
Master,1,1835,8404.3,688,4.58
Master,1,1836,8408.880000000001,688,4.58
